228427
276798
342481
377471
489771
499210
580709
623684
691412
725674
794873
837500
895188
946009
1016331
1110983
1232346
1250977
1346608
1401916
1527755
1537736
1636141
1701261
1719410
1768549
1879495
1926482
1993222
2054110
2066538
2127674
2328152
2333848
2401565
2435954
2485839
2580508
2594463
2659847
2708016
2786565
2802629
2872504
2917421
2995449
3033036
3141909
3217794
3246664
3321528
3328152
3389806
3449049
3489772
3568678
3626581
3691204
3702823
3768244
3840845
3917710
3961116
4028823
4072876
4135935
4187128
4256744
4311349
4352011
4381570
4430847
4490158
4552877
4568679
4642699
4727442
4751099
4853567
4902825
4925841
5007821
5034003
5107849
5152596
5188891
5243213
5307668
5372603
5417564
5468218
5555100
5564668
5622335
5708100
5728700
5828740
5852812
5934794
5974821
6076063
6101504
6149638
6217882
6294458
6300169
6400746
6488950
6538948
6643825
6673351
6762970
6780170
6851745
6929937
6994283
7047142
7111171
7166195
7185368
7249391
7309919
7383605
7451509
7492740
7535074
7601020
7699151
7772443
7812591
7865015
7934945
8056219
8136128
8187025
8195930
8288766
8333167
8373212
8431233
8490972
8570713
8583288
8638349
8686967
8782688
8812221
8896657
8957882
9010137
9022525
9098852
9139210
9172556
9253966
9280898
9336202
9398875
9456770
9521412
9571090
9623154
9673219
9695811
9771585
9827743
9866510
9927313
9985701
10037198
10083015
10150821
10224972
10239561
10283346
10370610
10430392
10449868
10534453
10542627
10615104
10689009
10739596
10791038
10810386
10859684
10951027
10978538
11051021
11089279
11124561
11172760
11228168
11347691
11380473
11418322
11517228
11538280
11581731
11640671
11707006
11774202
11830779
11875637
11915196
12007210
12029277
12090098
12175377
12193190
12296631
12320559
12394138
12481973
12503769
12575851
12675824
12682016
12753425
12800965
12874754
12945585
13023330
13125960
13179773
13214164
13278999
13330868
13383088
13458891
13468742
13587527
13614769
13668037
13711222
13776276
13830606
13906556
13942464
14004984
14037773
14134696
14152165
14201302
14272649
14318294
14374352
14473956
14487463
14579521
14652976
14712789
14718205
14812887
14877250
14921074
14947889
15023226
15099852
15158050
15189424
15271201
15280777
15372258
15450920
15507278
15577600
15592229
15685069
15699048
15791557
15825946
15867257
15943792
16014298
16072400
16147824
16163960
16263039
16316234
16350419
16387690
16463795
16542902
16562780
16631485
16666524
16723128
16801806
16850704
16899636
16952754
17008470
17101348
17159495
17211767
17247688
17291615
17367952
17425129
17528224
17579981
17634457
17695311
17761142
17827693
17873449
17922053
17986491
18070583
18102682
18153146
18234331
18320317
18356757
18412799
18455764
18491191
18578649
18610076
18657292
18753129
18828461
18886112
18937079
18977730
19031546
19066657
19115220
19177236
19279823
19300483
19391494
19420121
19488896
19539185
19557818
19618938
19679023
19748026
19767060
19831203
19881549
19938992
20021437
20045563
20122191
20148208
20194474
20234449
20308592
20380337
20416524
20465331
20515693
20591150
20606018
20704618
20722994
20804880
20822284
20901812
20923267
20982955
21038768
21076326
21147373
21214168
21235215
21333470
21369487
21412604
21461755
21548530
21563455
21660056
21673700
21773072
21781404
21873359
21882744
21942239
22023889
22069353
22099179
22175522
22245196
22270001
22353557
22390129
22417832
22484925
22525263
22592434
22622273
22699829
22744251
22795608
22861349
22911548
22940470
22992263
23082369
23132831
23181286
23196697
23276861
23313667
23368032
23414968
23468638
23512764
23585974
23629493
23687533
23738847
23805630
23920480
23984783
24034840
24059871
24135554
24198794
24239232
24297461
24364896
24421021
24496109
24530806
24586277
24693570
24714461
24780476
24851912
24889524
24938140
24987672
25035099
25080095
25125380
25190577
25267100
25325128
25381866
25388972
25443790
25514425
25608742
25621324
25672124
10700
112178
120426
175269
228868
311180
332816
428415
482768
489769
573901
625449
661768
708571
762753
802959
856656
915108
981830
1011331
1064908
1110972
1202128
1226953
1314713
1336652
1451063
1540674
1601334
1651797
1660406
1730405
1765505
1830309
1919683
2001313
2035508
2078244
2109750
2189671
2226665
2263004
2321510
2364804
2444009
2482063
2534903
2583614
2657434
2684760
2764659
2807713
2860992
2895302
2985544
3013131
3072847
3098687
3142684
3209107
3285312
3337811
3404378
3407727
3481028
3536716
3578540
3632976
3703668
3727088
3785266
3863553
3893176
3921253
3971761
4034921
4081538
4129607
4202818
4255810
4314730
4381478
4400905
4441292
4494417
4550320
4615639
4644976
4715724
4748716
4836210
4869182
4948081
4964626
5013426
5075066
5153847
5214666
5268045
5324278
5364917
5401905
5494474
5507280
5566366
5658597
5687737
5763119
5822775
5867534
5913176
5953604
6046429
6087242
6141457
6197356
6223952
6316185
6358415
6422409
6455441
6496692
6594953
6611814
6688760
6748349
6809919
6817363
6917127
6931050
7000156
7053203
7141316
7154195
7218361
7308561
7329327
7413141
7450301
7492542
7573280
7658692
7699921
7738080
7777400
7839098
7923003
7982670
8048759
8052645
8157520
8160585
8255737
8281022
8334297
8387303
8426766
8497811
8529028
8579016
8644468
8730718
8762043
8841288
8899639
8914563
9000243
9013515
9087071
9158921
9186049
9240056
9277517
9359665
9374153
9440795
9496206
9579370
9620095
9689012
9724831
9793064
9816254
9862784
9944307
10012668
10044323
10103668
10132850
10191847
10278405
10310163
10354475
10420100
10480155
10544467
10560242
10634589
10665897
10712464
10803788
10831757
10918469
10963640
10978277
11056049
11080003
11154024
11218597
11264426
11284019
11381342
11438687
11473211
11514795
11551159
11621581
11687098
11732620
11798786
11828414
11891668
11960831
11994848
12051585
12120443
12172701
12184389
12235789
12300279
12379189
12422714
12454181
12525784
12603510
12611716
12693745
12756569
12823422
12861350
12893286
12954402
13012731
13080454
13097070
13163326
13210381
13275649
13358983
13418787
13439519
13531935
13540108
13657094
13718530
13745476
13822222
13866671
13908761
13966311
14034161
14074746
14161508
14178121
14241880
14324066
14373825
14401588
14497075
14525705
14557154
14609828
14662491
14725853
14792792
14865330
14877683
14943852
15020461
15052966
15089935
15139968
15194800
15249535
15336548
15388714
15465166
15533708
15575213
15592757
15676391
15705435
15797886
15803658
15881605
15910748
16009999
16018078
16093902
16129811
16196427
16254673
16321116
16338202
16389482
16478975
16513646
16548461
16600090
16657525
16712075
16794581
16812315
16882816
16912539
16968388
17023086
17129929
17165307
17186828
17282155
17294851
17341661
17439426
17491178
17541089
17594690
17638101
17699687
17750860
17822144
17853700
17897918
17952902
18002734
18066302
18122971
18184170
18214365
18286340
18339309
18398113
18419416
18520025
18528249
18613223
18653416
18693305
18770351
18821682
18894870
18906422
18987760
19047774
19059258
19139910
19233139
19272724
19310588
19362660
19414293
19487501
19527884
19612339
19649470
19684563
19728981
19813363
19847806
19919600
19961752
20038805
20073519
20141234
20163000
20247435
20263273
20316875
20357644
20444522
20511500
20544252
20623367
20668475
20719177
20820169
20857288
20906871
20941831
21019282
21054975
21138016
21148715
21246571
21254774
21304365
21374554
21450375
21469420
21523654
21604194
21628947
21710310
21774290
21806262
21838808
21957556
21974238
22021415
22115735
22164042
22172874
22230473
22283260
22354655
22413221
22486808
22536027
22599164
22618392
22673069
22750111
22787434
22823777
22890810
22945211
23018839
23035116
23084459
23150827
23234423
23290803
23321690
23353968
23458726
23504933
23572912
23600425
23663305
23733010
23772309
23818602
23881324
23934469
24003196
24016452
24112607
24124392
24174480
24259155
24307576
24366262
24424740
24439530
24502299
24572302
24622093
24685962
24734995
24771118
24815604
24886512
24927982
25004484
25023878
25115372
25146861
25169829
25252636
25301316
25372703
25417083
25441761
25511582
25577718
25631762
25682408
25711985
25751333
25822934
25854127
25942554
25980514
26031804
26080154
26124055
26156682
26210892
26308770
26346342
26375150
26433538
26507517
26527060
26581706
26641772
26672474
26758887
26801215
26864548
26887904
26980358
27027396
27043263
27093245
27198705
27230752
27303493
27316694
27394362
27436204
27477041
27531718
27593306
27654751
27701760
27756239
27813879
27892115
27912780
27960555
28033226
28080784
28117454
28181953
28266122
28273502
28357502
28393405
28454436
28522351
28560139
28619643
28654840
28720955
28773706
28796951
28851407
28918078
28951637
29026743
29092226
29114332
29184802
29201795
29251047
29310362
29377026
29429754
29506903
29528688
29610505
29619457
29719049
29760468
29812360
29850900
29917116
29982140
30023036
30072841
30158142
30262109
30324493
30377031
69269
84066
145843
199252
315566
338933
387965
497715
565830
582474
643085
734637
819929
882171
925362
995403
1043287
1086721
1180772
1195623
1292681
1326637
1405813
1438770
1515667
1587957
1636166
1662099
1699168
1819573
1820745
1911961
1955358
1993777
2032958
2119354
2157905
2203274
2267619
2315380
2383916
2414026
2492614
2546852
2595306
2629473
2712933
2739717
2822656
2875161
2895587
2978245
3007344
3052402
3126343
3146917
3226433
3298101
3339220
3413056
3456196
3538616
3568138
3650726
3658174
3721674
3792155
3834183
3927981
3955852
4041530
4053726
4098481
4209347
4227583
4322894
4338074
4403784
4459777
4526737
4555662
4612057
4661679
4721551
4779619
4854190
4898222
4959264
5014655
5081458
5135426
5192054
5271601
5310352
5353003
5423272
5468786
5519355
5552569
5645114
5662374
5734432
5770344
5861952
5906134
5968089
5982715
6037745
6091413
6135607
6214318
6305585
6336801
6410766
6432259
6488911
6552770
6588039
6638473
6679381
6757712
6834757
6839388
6900355
6962330
7006740
7062416
7143119
7218674
7278985
7334351
7382502
7445900
7454872
7531943
7611405
7668897
7721121
7742073
7815291
7846158
7890551
7967132
8022510
8074278
8106436
8164661
8242815
8298729
8355844
8365944
8446544
8504222
8520657
8623937
8644236
8678025
8781284
8826102
8842645
8908072
8984476
9020480
9077506
9108530
9184366
9233730
9277156
9359581
9395425
9442816
9481249
9527979
9580465
9642671
9682958
9745738
9816032
9845618
9928526
9957002
10025387
10055972
10147288
10153210
10238033
10296446
10352600
10406075
10454157
10488116
10547425
10610519
10661538
10714381
10734842
10777187
10829824
10884194
10943024
11036872
11057318
11098073
11148466
11200724
11258390
11323000
11392753
11440775
11524633
11586861
11612388
11652343
11719087
11761925
11852069
11908041
11968377
12024100
12070165
12124022
12130186
12202227
12267141
12337097
12365144
12415777
12449818
12492812
12572958
12607385
12674261
12707888
12773840
12813371
12894847
12925562
13011363
13034139
13088387
13149639
13212351
13248425
13354971
13398040
13453859
13483198
13554541
13569643
13620987
13672786
13780585
13823762
13879646
13926199
13961716
14039825
14064394
14137452
14179685
14231400
14280126
14341971
14424614
14477784
14509390
14577575
14609732
14677607
14732028
14804750
14866126
14916913
14967567
15015810
15087607
15122517
15185332
15244708
15295810
15348738
15407474
15474992
15526298
15571393
15609191
15658180
15729346
15790400
15811571
15884538
15930405
16012045
16016520
16083743
16124874
16194196
16271703
16289287
16330513
16392541
16478037
16493816
16571792
16610190
16696554
16706265
16778774
16843076
16902069
16953227
16999568
17028828
17116170
17125632
17215393
17232846
17324296
17331929
17470805
17545515
17562794
17643854
17706960
17738369
17775577
17852491
17905845
17949286
17984104
18019962
18080109
18131726
18221709
18236849
18281316
18340179
18432956
18481260
18503527
18578302
18619501
18685135
18729189
18780351
18945814
18964431
19035214
19107006
19153081
19170789
19223544
19287948
19354471
19377513
19469924
19509439
19535272
19624226
19660546
19709413
19771453
19819498
19840788
19881749
20027476
20077827
20158468
20236049
20281705
20312204
20371272
20422406
20484825
20553526
20612855
20669060
20680473
20766453
20802505
20825630
20909791
20931423
21008759
21073711
21141060
21190203
21234486
21273032
21309561
21365773
21412237
21505682
21525177
21580023
21636483
21718974
21720996
21786937
21829164
21921620
21967846
22017280
22093380
22138185
22159093
22246931
22309244
22329526
22393505
22464511
22471369
22549619
22593761
22655259
22676436
22758366
22787005
22861597
22931910
22972968
22991995
23084426
23115263
23201396
23224641
23281972
23333056
23391386
23421810
45165
138114
212531
249389
311644
375306
461777
511858
539228
595094
638783
712541
788291
823534
874591
917386
962196
1010549
1063561
1151974
1215522
1271454
1301360
1348862
1416151
1482626
1527576
1557219
1591743
1659777
1743414
1749805
1822014
1865042
1907511
1966237
2006435
2085527
2137075
2188388
2249868
2309334
2341541
2373772
2442497
2490890
2570480
2598103
2676129
2700272
2776936
2829170
2876697
2930408
2960946
3028217
3051506
3111722
3152700
3190193
3261495
3315400
3346125
3439685
3482210
3508964
3548993
3613025
3686232
3706402
3788171
3831076
3899449
3915457
3979909
4059284
4076753
4125356
4211309
4248479
4306865
4361404
4383338
4449338
4509234
4556750
4634309
4654826
4690842
4783508
4806356
4846309
4902914
4952264
5017183
5063658
5113435
5194129
5218646
5296894
5300765
5397791
5402752
5497172
5547429
5569363
5649002
5704290
5731766
5773389
5825612
5885676
5972043
6008928
6064080
6114123
6178719
6232857
6284659
6325578
6385305
6420748
6501713
6531498
6592030
6636223
6711094
6767522
6792349
6870281
6931406
6960663
7033447
7108468
7175565
7189372
7261088
7332878
7349682
7450093
7488692
7524249
7632033
7683396
7710265
7770280
7813749
7863752
7935060
7996529
8025923
8076845
8144762
8166434
8229851
8319947
8339076
8395723
8439230
8514813
8575434
8600715
8675256
8731470
8808129
8864992
8878282
8931679
8996543
9042077
9094396
9179964
9225435
9243841
9340231
9373197
9448372
9452120
9537407
9562859
9614538
9669191
9724239
9800724
9838468
9905894
9950375
10004798
10048301
10140902
10151136
10248946
10262399
10346316
10379970
10436506
10478123
10530021
10590698
10663977
10675824
10770013
10792773
10853009
10922283
10975197
11010045
11050186
11089083
11146166
11189185
11292875
11353931
11420336
11490793
11514272
11611168
11669921
11691962
11781045
11832358
11868826
11954993
11965281
12062049
12100409
12166681
12192115
12266855
12285824
12363439
12408350
12477658
12517120
12559689
12617682
12662519
12731342
12763351
12807203
12885110
12912511
12985036
13021655
13063971
13119354
13203979
13228222
13315479
13370267
13381661
13449466
13526208
13559498
13648715
13696083
13750908
13771114
13848146
13871292
13965628
13969746
14047264
14083147
14133569
14223864
14282413
14350960
14381872
14445194
14492156
14566781
14594964
14640566
14691619
14740255
14798219
14862380
14884227
14962102
14985747
15071370
15101962
15161381
15249154
15300122
15351193
15401578
15438664
15506150
15541090
15600884
15661573
15686728
15761892
15797036
15830876
15875076
15969889
15986180
16077198
16127113
16176245
16242509
16250663
16301069
16395517
16436002
16499960
16518048
16587069
16608436
16683656
16731423
16799190
16832436
16909643
16924968
17015868
17058920
17105219
17128929
17195416
17261216
17317657
17363515
17397025
17477404
17544638
17595092
17626715
17666375
17732812
17789411
17848017
17893727
17930862
17994528
18028197
18088286
18141195
18228964
18261488
18329917
18349380
18406679
18444777
18502500
18553137
18599298
18694121
18730297
18758544
18848583
18881565
18946922
18985335
19038918
19087377
19151589
19203999
19262576
19314980
19370560
19413269
19473260
19521853
19594616
19655823
19664551
19736616
19769498
19846612
19912570
19922243
19992804
20023345
20087732
20154497
20201553
20252113
20329511
20353203
20400571
20473181
20539969
20546648
20636394
20696133
20719967
20792630
20839524
20869437
20936243
20960465
21049671
21093817
21183626
21199833
21307069
21317242
21388421
21443663
21506187
21555630
21586824
21662152
21753255
21767128
21817734
21905767
21953642
22036585
22059657
22163700
22176248
22251711
22282937
22387441
22395606
22489889
22510818
22574695
22643318
22712122
22759260
22784803
22839511
22901599
22976318
22987329
23064932
23093717
23185488
23237613
23262378
23308940
23367272
23425358
23520976
23574121
23596756
23690942
23729219
23808208
23841207
23865651
23956056
24002067
24109501
24184064
24211332
24287359
24493001
24532837
24575535
24802221
24836138
24885477
24929777
25055315
25094813
25146795
25213586
25232940
25359644
25417956
25495243
36372
52120
116450
200456
237461
285577
364354
383442
445301
530196
545390
589516
685334
705337
755367
807542
885907
921043
993603
1017854
1055824
1133362
1197537
1232305
1305369
1350248
1422340
1468695
1490826
1538800
1607884
1662896
1705135
1758067
1800365
1890635
1922896
1976336
2102717
2127724
2218657
2250199
2286056
2366037
2426231
2465771
2494630
2551242
2612144
2688144
2725829
2767193
2821701
2865121
2905723
2961974
3042941
3074758
3108041
3159333
3210795
3294760
3347137
3369788
3423160
3508012
3573356
3584598
3646938
3695770
3785726
3811329
3875561
3896604
3957630
3997031
4063080
4112805
4171894
4221397
4303807
4311007
4366783
4435724
4489503
4522943
4587957
4654080
4693504
4731825
4788258
4827989
4902102
4926236
5008835
5045904
5097768
5227759
5263306
5339702
5364551
5396171
5444371
5526234
5614345
5661515
5688667
5735627
5848800
5901021
5949204
5985636
6031135
6113883
6129239
6206531
6257994
6333294
6344952
6431056
6459947
6556312
6612613
6617615
6715165
6767349
6804096
6880031
6908297
6961178
7029925
7068312
7133087
7197559
7245646
7301883
7364053
7385728
7432115
7528408
7570417
7592645
7649911
7702193
7787384
7844284
7867943
7926013
7965290
8028790
8092499
8220483
8344596
8437726
8497495
8548035
8585564
8640242
8710302
8739904
8825217
8870565
8981783
8996460
9056809
9123345
9182091
9226677
9308245
9372089
9401948
9463562
9530653
9582780
9607219
9685668
9708801
9746774
9807541
9865476
9950542
9975397
10036521
10128413
10150804
10213144
10285209
10315198
10408530
10433795
10510806
10534986
10591073
10683101
10718644
10752793
10832518
10868444
10915966
11001058
11023276
11082850
11126083
11213198
11265042
11281662
11370322
11393966
11472547
11547291
11584446
11639123
11687030
11711828
11792409
11820605
11890202
11931988
12010608
12035955
12122693
12140750
12197394
12261169
12314135
12387664
12427521
12506556
12554678
12581355
12667641
12687498
12748856
12817856
12840327
12891943
12965777
13013488
13045062
13114989
13153794
13230725
13276074
13351543
13370372
13439469
13459221
13521201
13583235
13633598
13706253
13724464
13798434
13873047
13881749
14046706
14083805
14116880
14187447
14249187
14275882
14329575
14417391
14427186
14492135
14546447
14603563
14669508
14727015
14737451
14812916
14880586
14929207
14961877
14997386
15073306
15103096
15193279
15210818
15276073
15349270
15365374
15436360
15517198
15544276
15632763
15643930
15716555
15774204
15800333
15872380
15931439
15971368
16038980
16106646
16148068
16204965
16242470
16296318
16346684
16390866
16456916
16498696
16577613
16636641
16704223
16751026
16803814
16834587
16889371
16936900
17036839
17123801
17160358
17243626
17291467
17326210
17368509
17422245
17482739
17549297
17641044
17691506
17717317
17801178
17844756
17903917
17949784
18000856
18032968
18074062
18158166
18200239
18276802
18317921
18355701
18418852
18439098
18515774
18569661
18628315
18666954
18747390
18752945
18803088
18898128
18907204
19000388
19046266
19117399
19159770
19254057
19305408
19334356
19363597
19426426
19514984
19539526
19629763
19660187
19695202
19738425
19831012
19858471
19940773
19951736
20013371
20067833
20141383
20185583
20280054
20367484
20434622
20477132
20537559
20605188
20651280
20681753
20736239
20797197
20838998
20889026
20946733
21023777
21065009
21138859
21189392
21246219
21299125
21361968
21402972
21447634
21481764
21541921
21629982
21633735
21730830
21738408
21803973
21872168
21892226
21984156
22052982
22165193
22200247
22238673
22282059
22350635
22399514
22473975
22490336
22577602
22588670
22656615
22716168
22775746
22837665
22894792
22938572
22965074
23040564
23094887
23158660
23191690
23276360
23286567
23353900
23394516
23448194
23519850
23585039
23632091
23709954
23716465
23785778
23869627
23903159
23975858
24013223
24062855
24129238
24199947
24224687
24276992
24333314
24379157
24452471
24510326
24566301
24608568
24662118
24759574
24836413
24880942
24892977
24966949
25023786
25070558
25118570
25211800
25231369
25295572
25336354
25422207
25470749
25533908
25641201
25715217
25810124
25831702
25887591
25926579
26025554
26062456
26088068
26216264
26296687
26327295
26373626
26412776
26482997
26551449
26580315
26655850
26717411
26742912
26821576
26877629
26921163
26933595
27024884
27054601
27113624
27176111
27235886
27268858
27338584
27390292
27412909
27489628
27517572
27599261
27657525
27712817
27771755
27814231
27851421
27943579
28009306
28022192
28074589
28145181
28193587
28302794
28312363
28405385
28420644
28487724
28533778
28590327
28652612
28734005
28747976
28826878
28919788
28924196
24328
104591
135852
199024
246277
331558
367281
457053
480294
518755
695759
717961
776496
804687
919433
962638
978448
1068359
1121482
1174791
1231294
1247968
1326529
1389257
1423030
1462319
1519587
1561038
1647457
1668926
1759887
1870631
1896518
1974774
2021925
2056209
2142390
2305987
2360173
2416991
2432771
2574009
2590836
2669290
2700491
2771655
2794976
2846569
2911340
2961650
3032218
3081619
3148799
3229262
3246380
3313151
3355985
3439347
3474059
3537383
3607168
3660048
3693383
3766561
3816375
3836300
3898072
3946106
4039738
4073985
4127276
4160561
4255381
4312227
4325949
4374077
4422318
4488216
4575654
4636192
4669303
4694098
4746175
4811433
4865222
4931231
4959819
5036363
5101635
5131930
5226763
5259302
5314195
5376079
5442898
5481897
5508949
5567555
5622089
5699371
5752083
5809540
5861447
5902670
5954280
5988529
6080525
6126437
6154898
6204531
6297717
6354287
6380986
6413867
6488000
6529162
6600870
6617910
6675909
6767295
6809290
6828169
6881441
6950583
7019070
7101801
7139981
7197859
7228362
7266536
7369373
7376491
7473760
7505814
7534879
7615089
7677607
7707364
7806812
7827489
7910879
7944077
7987674
8051027
8116857
8130278
8190702
8283238
8299352
8342198
8437308
8482399
8511175
8557029
8611902
8674797
8719984
8821829
8848432
8926609
8955536
9036214
9101647
9151174
9189596
9230748
9290935
9338370
9421432
9433274
9512956
9578401
9637242
9690357
9708748
9765160
9848564
9864060
9939504
10015945
10018197
10073952
10129013
10188377
10275644
10317235
10366058
10404760
10450498
10510633
10608522
10623708
10672914
10728574
10773522
10840887
10892724
10967041
11014659
11046135
11093220
11157395
11228179
11251334
11313967
11405559
11442675
11474625
11527619
11596806
11650418
11695750
11764386
11781252
11877197
11903311
11950654
11989703
12064852
12129409
12150141
12204799
12256077
12323998
12362445
12455281
12488615
12547703
12572217
12659704
12692629
12740994
12813216
12864661
12925236
12966086
13001162
13074162
13105764
13170154
13220385
13278668
13311003
13360837
13463946
13467076
13535817
13598242
13639093
13735524
13782168
13809560
13861836
13932526
14012568
14035956
14076541
14153156
14193227
14291107
14328378
14351384
14418025
14511078
14533333
14629146
14637116
14731405
14763110
14815135
14862611
14944351
14992336
15024990
15091219
15126408
15180003
15210433
15297742
15360047
15367209
15430631
15515037
15523281
15578584
15645500
15684163
15804042
15842838
15951773
16000472
16051655
16072335
16150308
16185339
16268637
16324410
16346524
16404528
16478751
16550263
16580218
16614670
16665789
16750008
16807023
16837180
16913262
16939814
16998616
17057266
17140412
17188530
17235635
17252292
17328114
17354777
17421068
17455733
17549910
17569664
17608545
17707985
17728958
17804989
17831175
17954540
18006214
18059692
18109517
18160789
18259781
18291101
18339924
18378390
18479427
18513512
18582073
18610713
18656305
18744230
18810618
18840577
18876105
18998271
19062307
19131438
19163575
19223675
19244883
19313350
19382016
19410009
19492366
19539826
19568531
19638762
19697562
19724926
19787745
19829133
19913169
19918899
19981838
20033258
20088369
20179045
20197555
20269035
20332175
20396695
20436654
20507706
20554343
20564165
20662998
20672841
20731389
20818464
20880746
20920768
20980546
20991975
21068233
21095247
21179376
21209383
21257013
21321687
21395755
21432746
21470698
21531806
21574316
21653082
21704311
21719549
21791046
21857706
21921361
21957891
21993343
22061137
22105178
22171338
22217957
22263782
22321950
22400098
22402665
22464304
22510529
22567147
22650773
22683686
22736262
22793136
22846762
22863689
22944977
22982786
23049536
23099374
23194969
23244257
23253702
23302582
23362594
23446667
23501702
23513820
23595168
23649819
23666512
23739384
23807276
23856048
23913727
23937882
24005050
24072003
24111902
24138803
24220379
24257126
24334739
24375066
24399793
24484656
24514508
24628820
24686738
24724008
24783191
24836405
24883406
24958575
25021546
25077992
25122053
25161492
25240362
25275102
25332032
25370260
25411202
25465780
25553038
25564993
25614174
25675007
25777390
25819804
25889642
25912875
25981528
26023172
26101101
26199648
26213493
26253324
26336574
26368200
26405212
26465744
26546186
26617113
26645889
26723938
26759654
26825966
26844738
26890140
26992936
27018987
27078829
27158219
27202033
27272474
27313996
27368713
27406014
27465661
27486040
27558556
27636176
27661541
27713025
27757697
27860004
27913924
36377
55322
114530
169297
227457
270132
324926
376876
439894
495659
597158
617528
689684
778396
881391
883994
976263
986912
1043711
1114808
1161729
1218993
1271105
1336029
1375801
1422198
1489674
1530331
1574624
1639251
1687089
1762193
1788458
1817214
1878750
1921874
1987588
2018058
2084129
2166679
2210168
2230668
2296818
2355947
2401655
2454646
2528031
2545879
2606042
2680125
2724720
2763613
2809257
2872224
2990674
3007000
3094658
3141076
3185677
3263085
3321422
3346696
3387772
3436619
3501977
3536041
3609988
3685825
3705315
3786868
3832931
3846010
3900895
3945180
3998478
4076519
4143352
4197258
4219727
4276956
4343755
4386067
4438966
4471569
4573539
4578945
4650347
4738268
4753215
4805177
4893412
4909962
4973832
5014755
5089738
5168888
5213627
5235110
5290320
5350616
5412693
5477461
5537782
5539641
5601381
5690831
5743386
5801199
5815768
5858850
5942497
5978337
6018395
6093190
6119605
6199552
6233099
6311302
6338509
6388543
6436259
6510230
6574848
6624534
6686099
6717250
6771634
6800840
6901273
6915261
6963708
7049868
7107532
7187176
7209169
7254472
7311802
7395088
7424477
7490125
7541904
7576785
7614649
7663982
7769684
7798980
7883027
7898717
7979118
8097017
8142124
8171739
8237505
8299248
8336882
8389092
8435388
8489633
8583984
8593031
8690407
8723353
8752470
8801740
8900748
8929258
9016236
9056340
9088348
9180354
9217108
9245615
9344971
9364777
9442962
9473991
9513848
9572815
9627178
9700433
9737009
9803959
9821980
9902775
9956286
10010891
10076968
10082938
10171299
10218598
10261695
10331690
10349952
10439433
10485529
10551611
10607201
10663409
10682015
10737281
10925150
10966503
11037030
11074585
11112675
11188761
11223239
11283105
11355091
11391882
11428926
11485375
11558337
11620621
11666193
11681384
11758286
11790679
11863341
11933294
11976753
11992318
12068224
12119878
12152344
12310649
12356198
12380905
12433479
12502583
12596544
12637211
12684874
12739486
12791184
12823418
12886849
12970981
13021188
13083461
13149924
13214577
13247227
13325087
13365061
13381612
13452188
13510975
13550068
13632041
13670571
13713559
13754999
13828718
13855858
13943962
13970482
14038729
14069743
14129668
14194066
14211841
14296156
14359533
14426023
14439282
14515297
14541275
14629835
14651573
14710316
14796582
14816958
14896868
14962968
15015575
15062854
15111739
15141615
15210952
15237637
15302298
15362211
15394988
15500655
15552145
15568608
15610559
15701676
15743558
15795991
15822913
15867344
15927199
15991477
16058419
16077341
16132950
16214367
16228611
16309421
16359091
16386473
16473552
16498619
16580312
16631270
16722881
16767308
16797494
16843995
16931003
16966264
17042960
17057568
17113598
17156680
17256488
17303065
17343335
17408211
17446152
17469279
17552670
17596142
17666633
17678375
17755321
17813995
17892120
17916233
17990389
18040730
18086944
18144246
18183729
18230928
18288079
18328789
18419178
18484299
18503800
18570036
18611240
18690930
18746644
18804936
18832382
18920676
18989578
19049569
19053730
19122652
19156043
19209365
19325274
19332188
19455172
19587117
19664170
19673732
19754918
19810827
19849697
19934940
19966957
20006402
20073075
20141781
20163933
20209093
20264340
20361655
20391459
20439662
20488744
20546689
20625140
20661616
20709965
20773472
20856211
20869235
20942276
20972874
21043142
21118940
21161747
21216120
21275495
21346989
21370591
21423387
21497948
21531016
21604075
21649419
21689200
21756689
21812788
21893546
21903613
22046924
22099795
22129228
22188428
22250718
22279583
22331436
22398941
22440120
22488529
22528356
22639945
22663715
22702637
22812756
22877719
22907302
22955626
23001621
23062601
23154431
23174801
23239171
33528
72623
156892
195463
295604
320202
416893
428143
528946
579197
626577
681416
733354
764255
831137
871319
953057
997787
1036266
1100312
1185151
1232557
1250175
1344381
1388208
1462787
1503918
1567356
1583363
1645603
1705935
1751106
1819722
1922946
1935042
2006858
2084148
2132397
2142034
2224875
2258253
2292244
2377844
2435657
2446504
2530096
2582413
2607394
2684362
2731847
2776620
2838105
2914429
2960431
2986332
3049490
3109474
3221219
3221932
3301039
3356014
3386174
3435764
3504632
3537607
3641905
3676890
3698587
3749533
3849956
3874034
3969028
3995850
4038331
4113887
4135454
4228122
4271837
4284829
4334125
4401287
4456608
4489577
4551784
4598215
4685271
4726646
4777217
4842731
4906420
4965610
4969847
5041335
5078650
5134885
5205629
5276514
5343234
5378441
5461037
5512939
5546039
5589987
5652083
5718605
5774001
5828620
5861754
5898932
5941526
6003706
6085540
6098794
6178980
6200885
6275534
6331159
6388121
6428000
6477400
6541479
6575734
6619588
6705336
6747032
6776280
6858515
6910586
6959744
7011459
7071914
7128069
7152695
7203479
7279190
7350737
7395450
7458280
7499031
7520915
7619479
7633447
7700238
7746459
7794978
7834863
7886331
7937137
7984705
8053335
8091208
8179827
8222390
8246437
8310634
8390424
8441360
8456898
8507378
8602777
8641424
8667051
8728955
8780327
8867588
8909436
8974032
9030602
9050448
9133600
9184145
9221331
9312518
9354855
9379441
9436379
9538928
9590443
9627545
9653819
9710542
9782842
9806636
9861880
9910405
9972196
10039471
10084124
10119757
10201903
10234989
10287887
10351397
10396620
10445506
10514277
10569729
10643854
10696008
10754010
10787825
10844372
10885404
10944961
11002312
11051749
11115610
11128793
11182340
11232760
11327788
11368934
11395873
11480733
11522574
11557411
11599434
11647283
11717421
11808942
11830802
12117752
12213920
12259855
12319360
12355033
12402873
12443348
12535516
12571269
12659857
12668404
12723483
12784431
12826950
12885190
12955878
12990591
13055790
13110279
13170848
13232883
13266984
13348473
13374698
13423522
13470254
13540397
13591787
13633335
13683779
13747716
13815519
13861422
13924261
13985157
14062961
14071451
14125331
14221320
14268749
14308395
14387102
14393931
14466156
14517439
14609532
14630208
14671199
14721730
14786124
14850739
14884763
14958994
15021118
15051050
15104783
15156860
15218085
15292229
15363584
15374057
15426430
15496152
15543806
15596644
15664850
15692942
15738555
15799463
15839174
15910467
15943732
16023390
16060953
16139812
16171178
16240270
16291307
16335722
16406576
16470374
16514270
16560583
16607762
16785512
16845902
16885778
16948552
16996737
17038528
17093048
17160715
17178964
17248465
17319776
17343404
17393898
17474992
17536989
17564750
17618965
17656813
17738749
17770345
17862961
17888231
17946951
18026718
18033998
18112032
18164443
18231866
18294675
18347601
18369424
18472253
18502139
18577423
18596273
18655230
18708849
18759778
18822881
18880452
18959060
18967297
19057788
19077718
19122068
19221545
19236720
19289443
19398866
19441350
19495791
19549259
19585139
19689171
19733068
19796117
19839630
19883193
19937465
20025868
20066874
20105651
20160973
20208454
20286591
20338485
20387702
20462773
20514451
20527147
20611004
20649540
20708105
20775380
20821559
20911649
20954326
21021819
21077681
21114709
21178298
21233224
21250664
21343689
21389751
21437954
21468083
21544435
21564198
21661498
21681489
21741646
21776342
21914415
21951706
22050922
22064633
22134979
22157069
22240397
22268717
22319221
22394161
22461323
22505809
22531410
22592593
22641473
22699633
22767435
22827459
22842329
22916533
22994978
23015117
23097840
23118934
23189298
23205160
23285371
23323309
23412884
23425146
23471598
23549514
23619229
23680838
23702210
23772570
23814152
23852057
23906311
23975763
24027655
24059093
24118441
24187837
24250355
24350273
24373326
24434080
24492358
24538200
24610448
24643615
24695672
24776172
24829729
24875523
24895189
24992676
25001741
25044360
25124698
25191913
25205044
25288605
25331983
25401718
25457840
25512910
25579432
25611437
25649041
25732437
25802381
25819257
25886925
85
71634
130790
154405
205327
296426
359494
370923
453261
477507
513353
594804
639170
680497
726061
827226
828794
906742
933721
1005790
1053683
1082906
1156378
1213329
1283961
1354086
1418944
1436295
1504579
1574953
1595681
1667099
1719097
1746365
1826377
1871040
1914857
1970077
2035935
2086826
2112734
2193022
2203154
2290275
2346798
2406617
2408546
2487054
2581912
2619885
2655038
2734851
2799528
2844936
2885796
2912543
2985270
3047958
3076229
3130729
3176117
3250853
3282753
3357820
3409184
3426600
3498520
3549733
3618962
3663445
3716469
3752761
3825108
3869597
3905284
3960194
3989075
4051409
4118250
4154541
4198949
4293014
4337807
4396601
4408752
4502592
4554757
4578321
4636748
4675659
4748825
4771694
4844812
4873650
4952296
4973009
5040472
5126707
5149547
5238265
5299075
5332868
5413857
5471103
5490874
5577319
5600375
5647087
5730949
5744350
5831202
5867984
5914030
5962147
6065790
6085153
6133851
6225562
6229816
6309058
6376382
6416584
6458543
6516131
6580273
6646433
6701450
6748611
6793399
6860464
6903845
6950961
7011173
7096035
7157662
7215361
7261188
7318348
7341025
7431545
7453132
7508164
7587737
7620695
7695917
7731004
7805219
7856556
7907161
7983910
8023731
8061942
8141193
8180118
8230205
8288772
8375600
8434720
8512879
8548706
8640962
8679826
8727520
8785214
8820513
8884077
8922646
8977856
9038319
9088860
9177009
9202063
9264262
9296136
9360323
9408026
9491477
9541197
9588612
9637320
9719286
9738731
9794186
9844578
9918293
9956914
10041744
10089627
10099947
10158195
10261570
10319670
10358875
10418791
10437656
10507813
10585664
10612582
10688903
10706436
10768689
10821672
10862969
10929218
10996546
11030728
11107751
11146033
11165653
11247665
11309804
11317573
11393758
11432196
11525120
11543731
11590910
11646593
11746034
11800764
11818650
11901787
11960822
11991640
12023811
12100006
12121579
12193333
12266255
12298674
12389982
12428407
12445506
12521496
12589427
12608228
12673113
12719227
12787729
12833559
12900717
12947418
12989563
13056450
13087280
13158986
13175971
13238727
13300169
13336188
13428452
13471872
13502345
13568657
13619572
13686747
13744125
13773153
13805784
13862291
13908302
14011150
14076507
14088316
14179959
14207069
14296004
14307287
14349897
14429665
14499832
14539555
14566491
14612552
14662413
14723347
14790386
14857348
14904823
14938787
15016089
15072348
15080308
15168142
15179232
15241753
15296839
15348168
15405444
15495390
15498264
15570186
15630184
15698344
15744643
15754382
15824165
15899213
15909753
15982785
16025462
16078538
16129747
16165832
16229566
16297786
16361716
16406591
16457288
16495740
16552812
16596512
16672995
16728911
16751893
16836234
16897577
16938900
16952749
17046692
17087706
17110595
17167850
17214166
17307418
17330766
17443228
17505551
17524401
17588675
17663430
17701768
17729820
17782523
17855468
17887914
17979500
18017209
18076259
18107174
18181976
18204611
18290734
18342360
18359658
18476188
18525395
18584616
18608719
18732766
18762391
18851585
18909779
18951109
18968372
19018051
19159918
19184717
19280734
19336164
19397155
19437629
19470060
19561012
19573376
19676415
19717037
19771632
19793659
19837875
19899449
19980470
20023955
20065175
20143926
20149948
20208297
20297733
20307330
20399646
20488192
20512823
20570974
20650592
20687890
20766500
20870777
20887348
21051717
21103562
21123243
21185088
21231856
21330051
21402734
21432997
21510167
21524783
21619166
21629269
21750110
21795516
21824703
21877400
21922642
21977478
22016571
22096814
22127261
22185993
22272568
22297687
22355962
22384510
22496442
22528450
22615097
22701118
22734071
22786413
22834287
22891481
22972648
6264
101089
136248
183708
329322
356006
406531
453442
502087
551239
635263
645420
719275
784743
820873
868940
951929
982106
1078794
1117151
1138179
1223514
1290465
1329521
1352131
1442111
1461327
1510738
1603178
1612373
1695317
1754075
1803970
1858532
1914124
1970768
2029052
2039263
2087765
2189407
2200510
2297279
2324838
2391693
2450410
2491474
2524002
2587449
2612095
2666455
2739145
2779756
2840095
2921049
2944204
3035993
3047240
3121558
3158305
3217515
3265789
3319113
3371038
3462407
3478076
3527866
3572096
3629394
3699773
3758801
3780332
3861544
3926601
3942805
4042125
4066937
4097923
4221617
4264682
4320258
4361442
4409216
4440375
4522178
4542805
4606804
4644345
4736111
4754469
4837157
4913133
4954440
4998659
5046241
5128021
5154295
5220696
5237415
5297557
5344034
5397927
5503234
5536332
5569602
5629050
5685572
5781823
5804828
5840983
5923744
5980183
6031135
6079367
6121963
6200622
6256108
6292253
6343221
6420197
6455538
6519685
6589387
6620765
6680411
6739784
6815211
6863869
6922707
6969025
7023337
7050947
7147260
7158395
7220550
7262471
7314205
7380692
7412844
7472906
7527316
7621404
7674775
7681619
7801910
7811000
7898095
7942516
7970274
8057290
8081840
8160035
8202289
8246049
8338627
8368298
8409145
8468878
8542309
8576497
8643816
8707635
8751666
8810545
8853014
8934216
8969332
9023649
9112536
9141222
9203960
9230852
9340881
9393420
9477986
9509234
9581625
9651346
9662814
9741849
9792492
9839955
9893193
9935228
10012025
10065345
10099841
10128452
10181991
10235049
10313925
10355207
10432566
10452195
10539668
10579303
10623152
10767800
10808131
10878740
10947589
11010929
11025361
11104714
11146952
11193870
11241629
11314984
11386371
11388267
11446628
11510406
11547181
11632766
11692724
11738972
11764624
11822447
11894829
11951524
12007240
12028784
12070706
12146505
12174181
12267847
12326332
12335916
12424302
12511900
12547170
12598656
12648478
12713977
12774058
12812308
12827868
12894039
12932156
13038127
13059386
13107248
13154397
13206361
13266973
13371850
13417351
13467146
13496775
13564388
13634414
13661454
13740049
13781025
13845702
13896116
13908477
13983953
14051043
14136522
14178190
14208704
14255922
14309879
14384129
14433376
14472056
14554231
14565172
14618175
14670503
14776177
14789898
14848481
14912537
14963163
14990234
15045073
15129163
15170538
15247328
15280402
15359642
15371753
15434076
15521089
15540165
15613591
15668323
15709078
15788581
15826455
15871231
15941694
15958873
16043783
16059820
16128539
16186933
16249444
16281185
16333144
16396107
16425494
16490898
16533099
16629387
16644892
16735223
16755906
16792122
16850189
16963781
16989752
17040107
17090387
17153014
17203791
17244998
17309613
17370456
17405410
17486606
17538979
17549845
17646237
17677385
17704023
17756979
17818116
17881125
17918646
17958712
18056939
18097057
18116049
18170738
18252991
18304228
18382787
18421268
18457312
18537013
18553983
18642298
18695280
18739121
18767961
18840901
18889387
18954409
18976255
19044486
19094934
19145218
19230790
19255472
19300511
19342190
19407782
19471333
19544088
19557624
19620692
19760664
19821249
19867397
19910595
19975061
20011549
20048315
20135392
20189888
20208812
20263630
20300736
20353025
20460429
20495615
20526348
20613158
20673885
20702979
20779913
20813647
20851289
20895416
20969989
21047901
21056256
21116363
21211758
21236411
21303172
21358459
21407538
21470234
21492398
21540303
21618441
21643604
21700845
21776224
21818734
21883954
21935752
21990014
22039939
22052374
22116699
22176238
22206047
22265525
22332215
22395655
22404561
22469749
22537740
22599008
22626590
22671830
22755474
22782103
22826474
22901563
22944392
23018401
23037455
23105824
23232469
23287764
23334854
23366439
23437131
23485374
23514997
23586455
23672996
23693412
23799912
23819128
23914002
23975668
24030955
24069008
24134735
24192200
24280498
24302416
24348582
24426069
24459832
24597796
24616280
24686820
24749067
24826971
24871932
24949457
24978838
25059523
25164123
25216220
25312445
25374307
25400194
25478383
25491089
25570620
25670093
25718867
25767806
25847053
25898739
25932377
25973340
26037117
26093707
26192959
26242041
26280695
26312140
26392615
26445044
26470453
26703525
26748297
26809378
26858548
26918756
26973690
27041171
27062207
27168271
27195117
27263026
27319762
27358434
27431834
27470418
27514849
27608716
27634590
27737963
27780915
27833985
27904799
43530
76390
138605
232640
283177
297813
376329
456476
506982
534980
607128
629956
682067
765631
802748
909274
954018
1045484
1056052
1141445
1176762
1252518
1273810
1336166
1412893
1458577
1490264
1561959
1614614
1626062
1706068
1727179
1803073
1849170
1881962
1965989
2001254
2043560
2125226
2180965
2241238
2262816
2321801
2391625
2421947
2475266
2528993
2559110
2614267
2707735
2735781
2800949
2847211
2910352
2968011
2981565
3034870
3103321
3142036
3237645
3251592
3296769
3387613
3397206
3487862
3504667
3595710
3624758
3660307
3723478
3781342
3823751
3917091
3923524
4018033
4037435
4118295
4157441
4198769
4270156
4302114
4383279
4436635
4481154
4509784
4563429
4612733
4650200
4725354
4761558
4809095
4900599
4907099
4994961
5046920
5057421
5153635
5207158
5219424
5297007
5322574
5362089
5443210
5489446
5531532
5618878
5623421
5687893
5754341
5835109
5840915
5926340
5952224
6022612
6049802
6110066
6174505
6256683
6266975
6362925
6373223
6458552
6474118
6532333
6610981
6659262
6734728
6756869
6838726
6868309
6895207
6988560
7046117
7081703
7124626
7183678
7243752
7297552
7366732
7422726
7427885
7495366
7551450
7613744
7671133
7697128
7743775
7803902
7857121
7943334
8000091
8052106
8069694
8119903
8176771
8228669
8287680
8377924
8434684
8448060
8522546
8582386
8611308
8702244
8760943
8799453
8863783
8902635
8945882
9024870
9048102
9093417
9170877
9214203
9289787
9354302
9401537
9438636
9486606
9558119
9587975
9668328
9738370
9784372
9839156
9907999
9921665
10002120
10070457
10126736
10177035
10206512
10279581
10354077
10386205
10420977
10480220
10526155
10615736
10619563
10690858
10741336
10802634
10893969
10922897
10953290
11033853
11103627
11147119
11169304
11224392
11310847
11317532
11420294
11464089
11523701
11530020
11613392
11639273
11752005
11789465
11819744
11875979
11953967
11981900
12039663
12105106
12162437
12224537
12255190
12276259
12379336
12420131
12488527
12545552
12568654
12630701
12661258
12713404
12781299
12812830
12906207
12954597
12972363
13042905
13104110
13144726
13211695
13278199
13289049
13349528
13427884
13450722
13532258
13550944
13629105
13699999
13788061
13793935
13844499
13932677
13962009
14034593
14099963
14158092
14176721
14237971
14316159
14333315
14376572
14440466
14477807
14529676
14618661
14661311
14718248
14764915
14788951
14883303
14886209
14937472
15025241
15061167
15121449
15157274
15246790
15266182
15335913
15369061
15453534
15506826
15546671
15599446
15662488
15691902
15747645
15812413
15855051
15963461
16025017
16031227
16093228
16181436
16197673
16250464
16343967
16378652
16426566
16462352
16543572
16594007
16660939
16671491
16753231
16775767
16836052
16921226
16963704
16985627
17069656
17138913
17141758
17209531
17255794
17308275
17366258
17424407
17483662
17535572
17604145
17655894
17745463
17769444
17843868
17901826
17921693
17974297
18011041
18097025
18129095
18175607
18222249
18294281
18364489
18380604
18449723
18510107
18536277
18613736
18655160
18705339
18780818
18836894
18847453
18937772
18963973
19022454
19091374
19144581
19199964
19348776
19408701
19431519
19519703
19570912
19625327
19698298
19712918
19761959
19806969
19886927
19945215
19968159
20049565
20086717
20173400
20196068
20246070
20306193
20405334
20475921
20533593
20634964
20677504
20706954
20783653
20806991
20892487
20980679
20995892
21069683
21125119
21187185
21227962
21297086
21363966
21411044
21448828
21523151
21568812
21621413
21681605
21693253
21753571
21801347
21860955
21904851
21977703
22035577
22094025
22136064
22211824
22278273
22379874
22388412
22443128
22550917
22582792
22644130
22712065
22770564
22774947
22832787
22921359
22944208
23023539
23098971
23141734
23194047
23230028
19165
101780
170138
237413
265740
331471
358637
505041
532947
595810
667649
731186
785650
828863
839211
940927
1028932
1081950
1089778
1138145
1200646
1258876
1376988
1447628
1482283
1531013
1582000
1625217
1705745
1734493
1821210
1863515
1876509
1970279
2024302
2036203
2115162
2175800
2237407
2279542
2292090
2372492
2407592
2489816
2516657
2564772
2658949
2686892
2720213
2771899
2861348
2901891
2969904
3007954
3053810
3128241
3132506
3228491
3250940
3309258
3381008
3408638
3469421
3518475
3601099
3639857
3677599
3759570
3798852
3853913
3910823
3966066
4012619
4082561
4123299
4179002
4231582
4300777
4356923
4396405
4478083
4528322
4603645
4636837
4705674
4775558
4836882
4850086
4960318
4964753
5060744
5098854
5122370
5194502
5258102
5297958
5328659
5376534
5463007
5494968
5581999
5610071
5641237
5721476
5760815
5845170
5869736
5964584
6013360
6045554
6097063
6175592
6203769
6277807
6303082
6394717
6440566
6459711
6525701
6600748
6617185
6711856
6737188
6793848
6847542
6885338
6927182
6994085
7038084
7089127
7186134
7232913
7275107
7335704
7369320
7440687
7523897
7541849
7607539
7632521
7724588
7773631
7810216
7865327
7928621
7973368
8014235
8081758
8125018
8171599
8222096
8264320
8326991
8375825
8448973
8488196
8548750
8598361
8669894
8745884
8855362
8910561
8930840
8978384
9077145
9143730
9209387
9257326
9325884
9360729
9390693
9484931
9496586
9561184
9603847
9712554
9746891
9777071
9861442
9907084
9932357
10018502
10091554
10121272
10161799
10259500
10288894
10326209
10417916
10434222
10530643
10540689
10597797
10681471
10725204
10755807
10808875
10896478
10977571
11007830
11053085
11113808
11173144
11224913
11276202
11317343
11420563
11498303
11511831
11595173
11675003
11795185
11867666
11939621
11990369
12025347
12133132
12168755
12208033
12280012
12339368
12410177
12462249
12533506
12599141
12641440
12739132
12779678
12868392
12970549
13023830
13079648
13134049
13183733
13205621
13307281
13355145
13400572
13454560
13477047
13560415
13586135
13652049
13719826
13748615
13788051
13871197
13884338
13981842
14013740
14069007
14118387
14189615
14221065
14301626
14343267
14378235
14431128
14478496
14562956
14623951
14628345
14713873
14766121
14830455
14859305
14921970
14980237
15022732
15074547
15096278
15152281
15213335
15287332
15317647
15350615
15426795
15487004
15547908
15590142
15610721
15705335
15742496
15795196
15843157
15887021
15943321
16014966
16042839
16104176
16137503
16220385
16283626
16299686
16349199
16424649
16484785
16500759
16552520
16640204
16692857
16712673
16810585
16854446
16866206
16923691
17002214
17049288
17101580
17160350
17190161
17230758
17304872
17384573
17387994
17454850
17520762
17567694
17611685
17677970
17764002
17805529
17845307
17886296
17979903
18006658
18042840
18107616
18139911
18238497
18252033
18322311
18425383
18457245
18521756
18583295
18652225
18664992
18762153
18779597
18831668
18894156
18942783
18989375
19037389
19128376
19145127
19232674
19276147
19330486
19412264
19413909
19495884
19528164
19620645
19676946
19700090
19759354
19808194
19850512
19913773
19951877
20056981
20094862
20150934
20178344
20251229
20281173
20351684
20392430
20494339
20530272
20626807
20682706
20743811
20761182
20866438
20907335
20992515
20995934
21044735
21109931
21204211
21225889
21274308
21367209
21420536
21435595
21508255
21554226
21608745
21690579
21763042
21775622
21863214
21917016
21940559
22020476
22040517
22121472
22184500
22207434
22258422
22321830
22346818
22436070
22479090
22543856
22590264
22625621
22676641
22764507
22798189
22846310
22902888
22952544
23037811
23061984
23120023
23220964
23275472
23309578
23334234
23422482
23471524
23541727
23582534
23655610
23663416
23760166
23801483
23859680
23919246
23924087
24020525
24037112
24111040
24164646
24207875
24270540
24353532
24408561
24438824
24499347
24544959
24573131
24667585
24675691
24774924
24818643
24878944
24914797
24939860
25020111
25056945
25116167
25170509
25201446
25272029
25347106
25364067
25448900
25469274
25530718
25617531
25667067
25718438
25770308
25820371
25877060
25905654
25946260
26004938
26065666
26118902
26150849
26206360
26254509
26312495
26389873
26411382
26474832
26513882
26560803
26632279
26688415
26720604
26802926
26825928
26875555
26950769
26980099
27024873
27067972
27147736
27196179
27271483
27298849
27368999
27389930
27445200
27512161
27583594
27679366
27758013
27822696
21077
78808
137805
216592
287609
341254
440721
507143
562471
611738
674338
740791
804598
816475
876457
948155
976460
1041238
1100698
1156226
1247826
1264952
1308981
1369305
1431723
1476960
1519767
1575367
1662723
1679678
1776576
1825130
1855342
1905801
1954283
2027274
2085351
2136008
2185316
2198806
2262432
2343664
2410696
2437279
2470441
2543291
2600390
2671273
2713421
2760006
2808246
2875643
2913300
2960416
3027638
3094811
3156921
3178145
3248499
3315828
3358413
3388659
3445976
3523473
3581768
3612616
3680953
3707605
3779090
3833931
3862743
3906105
4002570
4056912
4072855
4162153
4211659
4234791
4339423
4413700
4453538
4475539
4526951
4611819
4633740
4694912
4745276
4807086
4856555
4933961
4975205
5008832
5075949
5139181
5198773
5247125
5315592
5332790
5418539
5430017
5504347
5570849
5640097
5662340
5750268
5805989
5854668
5874756
5930847
5981130
6082011
6123053
6183280
6218305
6291230
6346402
6375100
6400097
6451845
6521406
6604435
6638561
6664641
6723689
6770925
6850266
6874157
6931546
6972554
7065630
7118407
7154334
7185319
7236332
7331614
7381270
7434219
7461696
7522392
7589523
7615467
7664721
7754169
7806733
7840261
7885170
7974089
7984383
8076624
8106181
8192605
8201917
8283048
8330816
8377552
8408544
8485815
8518989
8596363
8638693
8692737
8720925
8777557
8844937
8910379
8951251
8994344
9041689
9120475
9137090
9224650
9256609
9322279
9348400
9439614
9471793
9499729
9548223
9597349
9689699
9721900
9769847
9829333
9913391
9938968
10003699
10062837
10090917
10178480
10228612
10261405
10320768
10386350
10468126
10478424
10533204
10621463
10635589
10740183
10785851
10838743
10877635
10913251
10970744
11031164
11085084
11171121
11200287
11232781
11333900
11361383
11396020
11474521
11548519
11584640
11647364
11684353
11714424
11794309
11823314
11870664
11932451
12006117
12063602
12091363
12141840
12192871
12246014
12301403
12371750
12431634
12478742
12514065
12582357
12640979
12667420
12712398
12785352
12832005
12932670
12936765
12993623
13051177
13115944
13174840
13218570
13288024
13342359
13364101
13423914
13483960
13543789
13593006
13655222
13700837
13736718
13802605
13855441
13905633
13961260
14035664
14052717
14118189
14193062
14261776
14286650
14336058
14391367
14471626
14503626
14577617
14607709
14674870
14693058
14793081
14826021
14845970
14944629
14953324
15010606
15052573
15137713
15157649
15242300
15301813
15351416
15368680
15432054
15491131
15541088
15593454
15634682
15688736
15734326
15831488
15880507
15938454
15965398
16040089
16063341
16143490
16175767
16221129
16288152
16337038
16403161
16449839
16489433
16531885
16607183
16682282
16692382
16759411
16805161
16891594
16918486
16949534
17054948
17104936
17129570
17175617
17240074
17292516
17350942
17436070
17506148
17533682
17612873
17647911
17695879
17754141
17840139
17888997
17910066
17976613
18025640
18070304
18153224
18189707
18266549
18320507
18377944
18382858
18439743
18518644
18586031
18606556
18660051
18753932
18802319
18852726
18896248
18965281
19025676
19054954
19103270
19152782
19250724
19273188
19351459
19387229
19454346
19539755
19551620
19633689
19676229
19713080
19767288
19800513
19868529
19918465
19976422
20044492
20090351
20116012
20202541
20232882
20271118
20328984
20418606
20486493
20505583
20575366
20647618
20706771
20726630
20781673
20845467
20893579
20945960
21014913
21048690
21105374
21182436
21219102
21292276
21306164
21393896
21423596
21508149
21553630
21593564
21678900
21685041
21766969
21809846
21863801
21931149
21978313
22021226
22072499
22142090
22182335
22227394
22309065
22351188
22445226
22479463
22537635
22629005
22642272
22703516
22766879
22818191
22877548
22938783
22957377
23035458
23058301
23114136
23197883
23256451
23296028
23318029
23399935
23448778
23508635
23572607
23625359
23678150
23722333
23739058
23813905
23874120
23922006
23962367
23985618
24040710
24118104
24151034
24234383
24278852
24355040
24401329
24420716
24469429
24515973
24612596
24647073
24691539
24761718
24779608
24844722
24877061
24950492
24986044
25042803
25112745
25136444
25217717
25290220
25317703
25380193
25399685
25448386
25498308
25556415
25605914
25686232
25734338
25802148
25845996
25869156
25936316
25977896
26026203
26107274
26130010
26203910
26265029
26277216
26360336
26389701
26468040
26523458
26535431
26583960
26660251
26712343
26757650
26832021
26850183
26948239
26994840
27028082
27101772
27130200
27210443
27236915
138293
182584
209315
263440
318270
407541
450185
488958
585279
587802
673600
733801
770658
820804
875158
970081
1030090
1120192
1168496
1284281
1327813
1381813
1425892
1502070
1521476
1609863
1637457
1705559
1736499
1812951
1854188
1926202
1946142
2035678
2098830
2112643
2189401
2245230
2274181
2337090
2391052
2444827
2519693
2553262
2608637
2673493
2734578
2745825
2830047
2896661
2925569
2955350
3032760
3112312
3172153
3186454
3262517
3294139
3389788
3427356
3456990
3540386
3579669
3618421
3662263
3734384
3801941
3850817
3903748
3925233
4019752
4036545
4118480
4151684
4177658
4268988
4306574
4389904
4397254
4494885
4548402
4662520
4668242
4719064
4769728
4862174
4884204
4929150
4999954
5045199
5123133
5164813
5195309
5255723
5317026
5386181
5450960
5467786
5515375
5568720
5608191
5680998
5723202
5810993
5821296
5890199
5958848
6002633
6046176
6107993
6146023
6201336
6273108
6443881
6496663
6522211
6625063
6641931
6705168
6780693
6840760
6856753
6903310
6956008
7032956
7073181
7134142
7192915
7244399
7273083
7323364
7406618
7446293
7514507
7607704
7656325
7686015
7749973
7816991
7837915
7911924
7959450
8040416
8045090
8121785
8181943
8204690
8258148
8315162
8378464
8465267
8494377
8538363
8628910
8640443
8699195
8743779
8799155
8897772
8906487
8996843
9010229
9062223
9110933
9180416
9244064
9273111
9323217
9373085
9435670
9473264
9569548
9588603
9643113
9696325
9754973
9820973
9876385
9930594
9974900
10021611
10089901
10162139
10178136
10272058
10308989
10357472
10399131
10577723
10632111
10684268
10750722
10811677
10844202
10903002
10934577
11014224
11029598
11082195
11165518
11199727
11277359
11361019
11390843
11426314
11466995
11530404
11585989
11645035
11717211
11755102
11796553
11852021
11914990
11956359
12060315
12123033
12139638
12190580
12284451
12297902
12345348
12405932
12451548
12543456
12569391
12621498
12671929
12757282
12807326
12815088
12900545
12939978
12994008
13037627
13107163
13147075
13191116
13290573
13301111
13351327
13404546
13453835
13514381
13554799
13636410
13662595
13726740
13782841
13922265
13985099
14032599
14070734
1055
97295
138225
182023
250139
289662
361689
446866
471585
586164
637295
696480
742922
795360
870892
905708
957318
1004379
1109589
1143415
1188337
1264476
1324940
1331519
1393747
1462055
1545129
1577848
1615313
1704839
1707772
1771567
1819721
1900477
1938502
1990022
2191860
2196061
2263993
2326269
2354274
2449328
2505242
2524539
2574721
2631769
2679881
2746996
2830295
2865954
2923750
2937716
3023011
3058541
3097828
3152155
3244846
3255426
3300906
3388179
3448224
3469257
3544571
3561125
3638190
3703648
3721544
3780701
3820994
3888297
3946198
3978416
4058114
4092673
4140653
4189981
4255319
4331929
4375166
4473425
4512975
4559681
4630825
4633473
4697633
4738945
4800438
4871616
4935664
4947578
5033113
5063949
5151305
5199847
5233461
5258348
5357306
5416584
5469031
5507482
5576696
5604894
5632924
5700091
5747597
5830166
5840450
5910573
5953821
6045000
6103088
6152279
6169694
6259214
6338964
6359939
6433660
6447959
6542738
6588321
6644381
6695504
6734524
6788203
6821866
6885900
6956178
6985790
7071877
7078415
7138986
7229395
7278137
7328432
7366136
7422705
7482000
7524164
7574500
7619694
7687459
7735557
7777809
7832118
7919251
7950822
8022400
8042521
8116614
8188278
8211785
8302258
8334772
8397871
8444573
8489202
8525087
8595398
8653119
8721843
8780856
8829103
8885637
8915435
8945750
9034791
9070991
9138072
9170354
9220956
9286199
9365034
9401783
9445594
9530459
9567983
9601284
9648824
9687635
9736737
9786795
9855734
9915013
9947467
10022971
10051669
10108009
10164427
10264088
10282532
10360065
10399088
10423674
10496069
10539521
10590270
10652083
10684571
10742280
10797491
10874998
10907834
10950223
11038744
11061366
11115801
11162286
11230763
11290067
11332638
11410276
11448693
11480260
11571162
11599208
11676359
11720985
11754148
11831419
11864109
11926087
11995831
12060784
12105924
12169729
12217080
12249822
12316553
12349616
12416694
12451342
12505927
12542657
12583031
12653068
12690577
12786689
12811726
12880588
12914910
13001420
13029253
13221225
13264490
13324250
13372175
13457760
13476499
13532713
13613811
13672244
13712487
13795984
13876499
13890403
13971432
14048464
14073306
14163282
14226967
14429236
14462518
14559745
14566250
14625201
14690178
14731142
14817019
14854839
14892446
14953630
15025465
15074510
15121018
15197457
15224504
15294236
15325583
15387526
15453212
15476518
15557101
15569223
15660090
15677663
15754197
15807676
15845340
15899624
15980008
16020166
16040532
16108127
16169643
16198772
16259770
16311339
16362072
16416753
16502757
16560197
16605874
16652851
16709720
16726894
16803095
16859754
16914153
16970392
17022088
17101779
17114090
17179069
17209829
17280291
17326422
17377704
17456989
17530436
17589739
17631383
17713330
17774727
17840529
17907307
17963041
18044452
18062576
18137515
18208931
18281643
18360442
18435519
18441500
18521987
18545198
18635746
18695145
18727516
18782370
18811842
18862769
18922353
18973164
19052214
19077041
19147111
19202446
19234890
19296518
19326702
19388276
19428269
19510515
19549709
19605656
19632557
19701984
19734927
19794772
19877513
19916738
19969944
20012885
20112848
20184994
20244976
20268544
20333380
20408268
20426137
20472493
20550866
20574228
20645869
20704232
20742828
20804494
20876117
20910899
20944594
21033799
21053695
21094085
21198633
21239151
21253029
21311858
21390690
21415467
21492083
21541279
21569626
21617981
21671712
21763938
21794923
21838553
21922736
21961797
22028708
22044416
22104259
22161607
22241099
22305669
22323074
22413032
22465293
22509267
22521387
22578658
22666988
22701787
22776436
22798497
22900906
22928274
22964577
23039101
23067486
23124226
23188418
23261720
23301878
23357749
23422002
23449552
23524012
23550900
23610514
23689912
23711763
23776172
23845987
23898089
23934137
23971231
24061311
24074759
24148519
24184553
24242996
24308648
24389286
24400420
24447420
24511871
24555707
24621079
24679890
24730871
24764756
24851016
24891577
24920959
24980269
25040615
25139636
25188771
25227156
25252042
25321051
25372045
25411454
25495035
25518131
25562559
25615799
25696175
25726740
25777587
25832114
25926237
25969640
26031978
26043646
26111575
26168033
26201635
26266923
26318602
26371071
26428506
26509097
26541305
26587411
26624095
26695589
26761075
26819873
26858571
26903657
26956444
27059804
27062429
27152615
27176445
27269290
27312002
27365633
27406174
27442205
27537957
27553632
27643680
27671318
27706864
27793779
27843892
27890343
27928904
27958035
28026370
28065439
28143287
28164098
28244075
28311195
28345889
28411907
28435537
28494606
28544462
28594455
28638735
28701673
28783162
28826099
28891134
28897086
28960457
29040245
29104124
29118622
29187642
29221829
29313102
29381267
29405231
29444676
29516081
29543976
29619176
29680747
29744694
29771795
29857347
29906152
29942486
29984636
30059576
30082869
30137444
30204861
30274275
30306883
30385424
30445668
30449840
30535739
30559508
30621154
30662412
30728082
30766600
31039
54176
152774
218457
247493
361687
413538
459920
507737
568031
642743
660546
771580
783429
852007
904452
973449
1017335
1077762
1109341
1189086
1260719
1311720
1341618
1375637
1456252
1483684
1552035
1589790
1652387
1689536
1781676
1804185
1890444
1933680
1995391
2020575
2051136
2119405
2170805
2246242
2274170
2341608
2363953
2456952
2503863
2517849
2576843
2663409
2716047
2735498
2785826
2857726
2892163
2960550
2983644
3076249
3122722
3148815
3201377
3273035
3332635
3352688
3424105
3474354
3517701
3558070
3610098
3691506
3698988
3752836
3846439
3868472
3942469
4013264
4050791
4112433
4136176
4193755
4277667
4294433
4376411
4403830
4450111
4532463
4587067
4607061
4679220
4734079
4808402
4821846
4910358
4932607
5009839
5111882
5163422
5231294
5272711
5325920
5384529
5445570
5473561
5511309
5567371
5628556
5722288
5770540
5798148
5876532
5898247
5990223
6045340
6083260
6110985
6202844
6261261
6283613
6354161
6385585
6460914
6470568
6529709
6612014
6660013
6716333
6793871
6811324
6867365
6967299
6975030
7037978
7082127
7139466
7190081
7274405
7335542
7387164
7407331
7511659
7563921
7571562
7629366
7721536
7742408
7805464
7848793
7948893
7977745
8006950
8110662
8129361
8187915
8259429
8328022
8392689
8404522
8448753
8558854
8593102
8624248
8676228
8758650
8822565
8843659
8916445
8936773
9042208
9058799
9113971
9180224
9214937
9280896
9305750
9387822
9427608
9502249
9557404
9584148
9667695
9707671
9778780
9819030
9857879
9914244
9972388
10041168
10061334
10123130
10158748
10210278
10286897
10348841
10384975
10455134
10524735
10557245
10638814
10669152
10745776
10770639
10833491
10860972
10916852
10968528
11034738
11113659
11137178
11233729
11252718
11339149
11390816
11439304
11457711
11521476
11588962
11612600
11702766
11739145
11781151
11810004
11923093
11973216
12034567
12050743
12125586
12172305
12252535
12276739
12380614
12393783
12481465
12526200
12556230
12634474
12659433
12712238
12796854
12834566
12910070
12952029
12993684
13035910
13097414
13173946
13176641
13239004
13294058
13347750
13438462
13491762
13509575
13562974
13639435
13656772
13712364
13785796
13857270
13885442
14008475
14019336
14086313
14144084
14174144
14259734
14289876
14374826
14381584
14438941
14484563
14538843
14599742
14700213
14720608
14798506
14843295
14892163
14948991
14999496
15072927
15085166
15131344
15212838
15278372
15301300
15343014
15403981
15445969
15490718
15543928
15642279
15693314
15748729
15794357
15865862
15902032
15921075
15983536
16029801
16100081
16150013
16195943
16281300
16303287
16373180
16405901
16445102
16512122
16571215
16638225
16699272
16715040
16811901
16845394
16926546
16954495
17034467
17104367
17113673
17187154
17231704
17280807
17335520
17384777
17445726
17490469
17545748
17606855
17669359
17729832
17787158
17810482
17909726
17928691
17980667
18026303
18082767
18172297
18181914
18259136
18299223
18356172
18397737
18451743
18513161
18548473
18608749
18698428
18715161
18786704
18866610
18880153
18939455
19029342
19038130
19101820
19169397
19210768
19272651
19335103
19380376
19450969
19482612
19519209
19572345
19647759
19696380
19775158
19802479
19864985
19914785
19946633
19993260
20091979
20141290
20190090
20199518
20265424
20329115
20363581
20424401
20465283
20543233
20573909
20660684
20678495
20952878
21017515
21043045
21111561
21225998
21251014
21306689
21378428
21473305
21571857
21701746
21796355
21853594
21888243
21928180
22007765
22030457
22142721
22158005
22253907
22265114
22326201
22397870
22469255
22500952
22539494
22696223
22835191
22842583
22899923
22970723
23040334
23091809
23161169
23231068
23248706
23320798
23359094
23433141
23506021
23532458
23570297
23622091
23693283
23781755
23788055
23849866
23932607
23945341
23990633
24040978
24106200
24174302
24222422
24276986
24354391
24391283
24436821
24508595
24564774
24634209
24690521
24783949
24806497
24868213
24962689
24986314
25026964
25082346
25169138
25243485
25294580
25322177
25353330
25401255
25454514
25516323
25608562
25656405
25723771
25749977
50325
130207
160916
214466
265029
301888
404003
441055
492112
590532
641485
768571
792964
860372
893873
945901
1085035
1108115
1220293
1295343
1358807
1370167
1423219
1495193
1571130
1583875
1741333
1785083
1835482
1872042
1914398
2016913
2134822
2215428
2298850
2325572
2381319
2453827
2511356
2550600
2586181
2650204
2732612
2767965
2835130
2885371
2916004
2968338
3034054
3074054
3146670
3187903
3249958
3262556
3345721
3380644
3437049
3485519
3580102
3595445
3670730
3697626
3771056
3805037
3855316
3941089
4001885
4039648
4130689
4161357
4221353
4299828
4355371
4374216
4443805
4509706
4544597
4582141
4674726
4698275
4790520
4823918
4876945
4905791
5003939
5054342
5079501
5136951
5181351
5279422
5312474
5366502
5404909
5500709
5520918
5609560
5640790
5706690
5760119
5805677
5869729
5902705
5958326
6023175
6151279
6212576
6240824
6308153
6390058
6465302
6513660
6548164
6582110
6651308
6696200
6792439
6809068
6882567
6954304
6982340
7048389
7099107
7148164
7176405
7250033
7285798
7334096
7410332
7448533
7506268
7547846
7633582
7690786
7755166
7777867
7830271
7886824
7936008
7977530
8030391
8095702
8139285
8217920
8243359
8295556
8374611
8401779
8448843
8511201
8570371
8682076
8767087
8834580
8882635
8915025
8955572
9014167
9081828
9147310
9172872
9235726
9291055
9322000
9411461
9424513
9496717
9554728
9597271
9646904
9736150
9807732
9859768
9881263
9930948
9986486
10026646
10089404
10132278
10219667
10280516
10292420
10353837
10440448
10455631
10538559
10603261
10648356
10735395
10742361
10804289
10916691
10937678
11002044
11047554
11104342
11178644
11186116
11256318
11299425
11387703
11424170
11466493
11530432
11566783
11624477
11691252
11741762
11788513
11836113
11893745
11942579
12019135
12051260
12115086
12175406
12202006
12255222
12323812
12376464
12430171
12443624
12490773
12549288
12591970
12655949
12703797
12785477
12818991
12904569
12954658
13000924
13050363
13114167
13149849
13233752
13296677
13338398
13391255
13425867
13470631
13542774
13599477
13637490
13683059
13758520
13795326
13831152
13925380
13972025
14029086
14078132
14099778
14171833
14219778
14262835
14351513
14378582
14464331
14504363
14541486
14612865
14666376
14710066
14744208
14787352
14867564
14938938
14989457
15018779
15086774
15149650
15183869
15258250
15305667
15324087
15386230
15445665
15502759
15564383
15608816
15637546
15710086
15776995
15842025
15904593
15947806
16002124
16057167
16078707
16128278
16191095
16233579
16331969
16349716
16447813
16481275
16568528
16625800
16670284
16705299
16740048
16801129
16852225
16916060
16980318
17030953
17054281
17154514
17160239
17226435
17265280
17354394
17382379
17426824
17492642
17530196
17624813
17647817
17698736
17777266
17825992
17895243
17943676
17957260
18032619
18091022
18157635
18255525
18314040
18323292
18413940
18437207
18516687
18557526
18606165
18684907
18707576
18780753
18808147
18868263
18929643
18982302
19032400
19084741
19166832
19213754
19236560
19287028
19342190
19421791
19453029
19564876
19602643
19647880
19691129
19746829
19816253
19860546
19950515
20006943
20037893
20113895
20157431
20211999
20271053
20334940
20381235
20467628
20531879
20547760
20602484
20655078
20731777
20758690
20853428
20867134
20949198
21002572
21042391
21079220
21180230
21187404
21280065
21312756
21376339
21408412
21486541
21513917
21596375
21678845
21744132
21783021
21821930
21886575
21954341
21962761
22048821
22086493
22146606
22202695
22295934
22320472
22391392
22420326
22484533
22557137
22582029
22673785
22684033
22733745
22821493
22940708
22961258
23028051
23061197
23104471
23159112
23225759
23270915
23308263
23385410
23447480
23504580
23543327
23609648
23620533
23713320
23728434
23792879
23863794
23927078
23947617
23988232
24050671
24149615
24203624
24246540
24283555
24328722
24378106
24448677
24532455
24591200
24630870
24689815
24749677
24795850
24810781
24890067
24911382
24995326
25023064
25087957
25120011
25183179
25260167
25271890
25324015
25391340
25462676
25491340
25559555
25617781
25624017
25681871
25734539
25782473
25846209
25899117
25950368
26017729
26038758
26128882
26193366
26250404
26266768
26331754
26402598
26422790
26477351
26515873
26604805
26658013
26665833
26743017
26796172
26836633
26897699
26965441
26976181
27034149
27121905
27161820
27196732
27247811
27331258
27386845
27444321
27506100
27509071
27650758
39004
67756
116056
234080
249306
304301
363914
438202
475918
561134
575196
665693
681307
752783
814049
868693
890799
937684
1010321
1078026
1140237
1184988
1206148
1260789
1347715
1354398
1440115
1482268
1514402
1593185
1649319
1677219
1771685
1777587
1865643
1887686
1963168
1978075
2057053
2101288
2132207
2188842
2282786
2312051
2348833
2412729
2487439
2545534
2551282
2639121
2695540
2758271
2802671
2836971
2880104
2926514
2993097
3029958
3074131
3163796
3180427
3253100
3284011
3336190
3422431
3468429
3552765
3602150
3616812
3667172
3749818
3791128
3846564
3914300
3988937
4036072
4089085
4138082
4176741
4241436
4301689
4312092
4414208
4452662
4479608
4558436
4622335
4659616
4705014
4785631
4836077
4899357
4912993
4978918
5062560
5115318
5149654
5173984
5244007
5289709
5347087
5390064
5450946
5500284
5581430
5618064
5691425
5754714
5786661
5839490
5869927
5915024
6016392
6030082
6106879
6175504
6190452
6240840
6314392
6388082
6397663
6474895
6520905
6582722
6640377
6701512
6770117
6818379
6859104
6898011
6950525
7017965
7084461
7125256
7166083
7215549
7272210
7357494
7365223
7434123
7495647
7555412
7566723
7650069
7718814
7762535
7785837
7860903
7932027
7979635
8020279
8077826
8100696
8149366
8239966
8271727
8315712
8366358
8423955
8503063
8545310
8588088
8629626
8680635
8770551
8812552
8846965
8904502
8989892
9034056
9078682
9156792
9177247
9277080
9281510
9356111
9414359
9478982
9516719
9547161
9620262
9687753
9716146
9766789
9835884
9880135
9906556
9999090
10026178
10089413
10129246
10187725
10217276
10304608
10342875
10404730
10454450
10482672
10568606
10580032
10666774
10712665
10755491
10831178
10846093
10938335
10988159
11016014
11153691
11178337
11239053
11269386
11359285
11374191
11466532
11492648
11566429
11611769
11689160
11715815
11766873
11807993
11890279
11911801
11981653
12053220
12077010
12144137
12174383
12266451
12283320
12371212
12391587
12471226
12492047
12551851
12617019
12675430
12708951
12792432
12807142
12866610
12929383
13001032
13051474
13088455
13130507
13180871
13342849
13405044
13422224
13505798
13538778
13603127
13642360
13700817
13756472
13831021
13887427
13934930
13967590
14002699
14103651
14119005
14211672
14241134
14360691
14424671
14482923
14495264
14623279
14669865
14707436
14748192
14843672
14875945
14916189
14982355
15005279
15073391
15137727
15159232
15213296
15265152
15364577
15395398
15435911
15495659
15542597
15603540
15658369
15743285
15779796
15814917
15891721
15944111
15972994
16033074
16080252
16135153
16181456
16238333
16317932
16331849
16407301
16442956
16525674
16544902
16634879
16675422
16724246
16772867
16825730
16874988
16940831
16973691
17063420
17105889
17162356
17196650
17233116
17308487
17366486
17433267
17483988
17532652
17575370
17609934
17654294
17715267
17761431
17832204
17868742
17950397
17967187
18020019
18156542
18208660
18252179
18289448
18370143
18398080
18468452
18556364
18593202
18644151
18671071
18746974
18786605
18848934
18953957
18980171
19130782
19157612
30359
92040
161402
241452
376671
493267
543535
638923
717983
737111
852348
916385
988206
1088823
1172438
1228389
1258215
1318672
1375213
1433051
1533747
1580076
1630970
1685536
1775657
1803297
1889589
1914078
1994835
2035253
2083706
2141509
2201530
2270221
2318646
2405199
2436789
2505201
2553552
2626467
2672299
2682822
2746961
2796634
2851464
2967642
2985618
3027835
3106144
3180202
3220579
3239810
3294703
3388685
3430834
3476949
3513233
3561331
3613443
3713506
3732679
3777471
3842700
3873317
3967376
3987391
4076386
4083697
4166533
4217268
4285333
4342954
4380246
4437296
4522353
4570228
4623636
4631619
4689936
4777441
4799134
4860289
4928770
4968660
5009597
5080969
5154803
5218678
5253284
5301574
5335536
5428211
5437108
5529473
5545752
5609349
5672907
5711349
5798630
5845822
5877090
5933301
5988756
6082656
6141356
6194675
6279161
6326038
6398267
6473905
6527956
6564898
6612130
6675794
6736747
6774409
6825186
6907061
6951104
7020055
7066234
7129617
7204506
7232959
7312817
7318208
7395650
7425149
7485769
7540280
7597567
7680873
7720956
7749542
7797830
7879892
7935408
7965163
8000558
8101371
8138218
8205796
8246760
8307032
8319631
8412969
8429333
8498088
8562274
8599210
8651048
8687744
8757115
8814044
8847411
8938580
9012840
9029491
9080548
9155149
9254758
9294266
9335176
9384190
9450761
9498058
9558366
9588142
9660317
9719666
9771699
9816483
9876750
9923073
9958305
10029147
10121348
10143194
10205780
10264393
10335016
10354343
10435783
10458509
10545226
10573806
10641145
10721079
10728070
10779053
10845112
10903686
10935728
11021191
11078100
11104714
11156340
11218058
11280293
11308946
11382431
11417959
11479167
11528508
11582574
11654407
11705386
11765634
11834173
11856726
11912368
11981545
12053898
12114768
12128554
12172012
12220217
12273839
12339551
12416410
12475489
12486804
12551574
12607877
12695368
12698985
12763524
12812198
12902532
12958868
12979066
13051080
13076480
13152192
13181093
13274116
13290710
13396573
13480776
13517688
13570838
13611679
13694803
13720139
13784772
13843811
13910258
13920941
14017585
14037279
14089124
14135246
14203925
14284160
14308083
14410604
14421145
14483924
14572964
14578723
14668429
14700719
14764883
14802508
14876902
14920825
14993752
15051056
15062167
15121162
15162599
15252610
15284658
15360511
15406583
15460214
15481436
15550942
15593506
15666997
15686138
15769866
15811228
15843394
15930438
15985338
16038469
16053981
16113391
16173482
16205972
16265059
16351140
16370059
16455196
16510880
16558218
16608579
16655435
16690909
16782701
16820737
16859433
16931772
16950707
17015703
17094017
17129137
17212695
17237160
17292665
17339165
17392992
17468286
17510706
17563355
17638788
17690964
17730564
17765989
17815682
17892355
17929227
18006070
18033583
18111098
18176571
18219887
18273602
18305596
18360027
18423577
18493515
18534649
18613777
18665583
18674116
18746614
18815690
18825405
18925866
18946594
19021332
19071152
19163436
19227267
19278172
19355827
19404475
19424223
19480550
19524604
19600340
19654036
19669531
19735049
19777942
19834871
19881335
19961506
20003270
20080503
20125047
20153937
20222298
20287651
20394090
20439662
20506951
20577731
20631252
20672883
20730292
20754874
20820335
20879450
20914924
20949053
21006148
21063706
21120114
21197545
21247368
21273026
21412374
21452645
21469229
21547509
21616949
21643969
21702780
21730076
21785866
21828452
21914567
21969501
21984343
22070369
22083864
22183569
22254959
22291350
22382170
22432512
22450676
22505414
22544278
22610490
22691294
22727421
22779405
22807426
22866675
22903040
22977597
23005383
23080702
23165518
23181899
23257988
23318053
23351038
23412665
23453023
23507462
23565114
23592382
23636192
23719680
23750866
23832829
23848255
23921734
23977790
24059114
24107195
24158476
24181643
24263564
24305842
24415730
24430838
24486363
45772
99830
162484
226543
282789
354698
368038
453266
520889
561992
632780
651874
743776
794175
828821
893876
921289
996156
1047600
1070852
1120183
1158717
1231562
1285851
1355202
1418018
1456336
1542553
1561410
1625650
1700888
1737343
1807485
1853330
1904817
1974770
1996546
2090818
2123621
2191804
2218270
2270528
2326046
2380475
2423337
2494465
2525476
2609826
2669483
2684866
2737391
2800725
2878080
2908848
2957371
3029290
3047552
3099644
3139483
3197461
3271781
3295465
3371988
3398624
3449232
3534314
3584866
3635149
3698267
3752087
3761470
3842297
3894466
3928132
4005870
4071554
4086281
4157682
4199479
4284325
4326461
4361740
4435628
4505455
4548221
4626635
4637497
4706512
4753641
4845633
4876993
4932751
4958717
5046111
5065572
5159118
5188080
5245348
5309901
5381903
5430852
5468441
5536957
5585763
5622854
5661149
5749473
5779061
5861383
5873713
5950240
5967252
6032967
6085412
6154394
6199008
6238567
6325222
6372975
6444113
6478380
6527614
6563735
6661855
6717055
6761826
6779458
6854560
6888796
6980367
7008044
7046345
7145648
7190750
7230752
7287923
7349952
7387818
7468287
7486346
7576227
7630577
7645861
7707908
7800469
7859005
7896448
7966722
7984413
8048232
8126482
8150361
8204089
8246682
8301438
8397323
8431913
8500486
8516750
8590504
8621537
8699949
8760716
8793135
8864168
8943652
8951049
9037554
9108437
9120940
9198317
9238988
9301831
9361322
9411329
9452878
9493340
9565736
9622592
9662004
9724625
9772528
9823390
9855088
9940468
9999297
10017707
10096737
10172878
10190223
10284268
10306121
10419798
10488949
10515504
10577011
10597830
10679254
10710649
10767056
10831182
10911934
10919449
10982263
11058150
11078512
11156907
11188235
11274779
11297573
11340530
11431562
11455265
11542364
11591620
11638436
11674964
11743854
11777932
11808041
11859478
11954398
12002215
12046400
12064822
12130656
12183930
12267879
12272199
12327444
12398703
12436150
12514651
12546072
12610472
12670951
12720263
12764250
12844631
12852736
12957680
12973909
13014561
13114870
13130778
13219085
13228664
13295246
13335244
13385775
13441402
13536885
13561800
13618330
13669016
13732618
13773433
13825685
13890767
13939839
14003409
14035644
14087148
14186739
14202229
14299637
14304336
14407387
14426514
14507755
14544542
14616697
14633132
14723097
14749340
14818476
14880696
14913305
14989954
15047510
15079980
15101664
15165288
15217683
15261268
15318546
15378640
15432079
15487962
15559587
15612253
15648419
15742497
15790989
15828950
15874865
15910133
15988484
16012844
16075435
16124035
16217963
16233267
16290973
16334363
16414008
16434510
16509426
16583172
16624213
16651722
16733106
16762300
16845267
16901584
16906768
16975090
17043894
17061864
17126956
17196424
17244558
17283554
17358967
17414722
17469858
17520251
17597267
17662584
17674978
17731828
17811676
17872702
17912901
17979870
18041504
18063083
18141290
18200041
18254065
18259935
18353564
18384565
18479670
18500574
18563464
18639889
18671046
18746258
18760800
18830162
18864578
18928853
18991428
19055888
19122235
19131473
19190380
19260803
19326006
19357707
19429150
19468812
19538686
19595733
19644979
19708516
19718840
19769996
19828112
19907275
19966592
20011105
20046483
20099402
20152050
20202187
20305459
20318169
20416846
20424948
20491029
20576175
20590942
20689703
20707388
20793627
20839869
20870692
20935284
20974761
21062412
21118197
21162848
21198612
21264394
21315910
21375237
21457639
21479415
21522692
21602036
21670046
21684640
21734693
21829530
21842917
21890617
21968641
22019789
22093790
22139230
22179637
22242884
22296557
22322066
22376119
22447464
22493418
22572758
22581031
22677166
22702056
22768509
22834189
22872286
22939720
22980722
23029770
23082207
23154282
23155889
23207812
23261958
23331868
23367277
23445846
23476750
23587391
23627587
23695497
23712448
5960
76561
139461
167855
234568
280254
372942
458231
506735
571458
621081
657814
712942
790837
804850
886251
912573
1035957
1053551
1141753
1183617
1243896
1291397
1315466
1368868
1411513
1504043
1532293
1605162
1642243
1699850
1761510
1799687
1842717
1918544
1957817
2041173
2059042
2144788
2204126
2267733
2320838
2328513
2414626
2458599
2495983
2573217
2629891
2679427
2715059
2742844
2830255
2859566
2905590
2973322
3054094
3100068
3146749
3168887
3236458
3274483
3375152
3440614
3454380
3524003
3600485
3632857
3688531
3716426
3764269
3830734
3887409
3920015
3987559
4067801
4085258
4142587
4186199
4236579
4328937
4378321
4384114
4437213
4494821
4585983
4595937
4649145
4722400
4754000
4804707
4861019
4920451
4998201
5044008
5068167
5156062
5177804
5227663
5294014
5367225
5436051
5466614
5545739
5609436
5616811
5702226
5730718
5795841
5865111
5901767
5963659
5993465
6096790
6114459
6187854
6227952
6306055
6351496
6395735
6416126
6471637
6564131
6581328
6644933
6716913
6756445
6831562
6877174
6929743
6979349
7037859
7100779
7167711
7199913
7279098
7339131
7374127
7447114
7494527
7510946
7581862
7650919
7701992
7744039
7821105
7829246
7975984
8035575
8085309
8147452
8197294
8215955
8267862
8340175
8407237
8469516
8520448
8547976
8586755
8651006
8744917
8790809
8845144
8881742
8965102
9010339
9034556
9134052
9146085
9195367
9243367
9345962
9355371
9446166
9464217
9518545
9591950
9649911
9682191
9756798
9789844
9857128
9922276
9956941
9995452
10046360
10123414
10175779
10211859
10299194
10361239
10428681
10483377
10526767
10582799
10613566
10650616
10726320
10751978
10803556
10887278
10954654
10994164
11056609
11127963
11146443
11209434
11274389
11329316
11371151
11391825
11452918
11497858
11593374
11607494
11673383
11714833
11749138
11825196
11897834
11962198
11982357
12041785
12125510
12134509
12217583
12265622
12329605
12345092
12411676
12487041
12512441
12555181
12630853
12686324
12760852
12826022
12858228
12930427
12980795
13015973
13098267
13149990
13210623
13257205
13304541
13336697
13411646
13446478
13516456
13543060
13635848
13650722
13710804
13748844
13825486
13894906
13907520
14008573
14036804
14103578
14137693
14174778
14247953
14272646
14325210
14380523
14454306
14506026
14568811
14633834
14714537
14753355
14791195
14855768
14900701
14983322
14995726
15056859
15130407
15198912
15255844
15327476
15396473
15415530
15466873
15529978
15599772
15670193
15675842
15738396
15798370
15828388
15930948
15963490
16017978
16039992
16124100
16159432
16237903
16243893
16296509
16375519
16458267
16468498
16563807
16621278
16635211
16727008
16768228
16809679
16864442
16908788
16960637
17015014
17106838
17141279
17186191
17225177
17301544
17318585
17378915
17437833
17477321
17554211
17583069
17681238
17710836
17781286
17811824
17855242
17916154
17995411
18053072
18137192
18170315
18236096
18263369
18358937
18369595
18459019
18514431
18561301
18598869
18647372
18702843
18753903
18832252
18835750
18902413
18966778
19025878
19066591
19127964
19201593
19241867
19290907
19313567
19367591
19441323
19467632
19547950
19608361
19672367
19684089
19757340
19819806
19869574
19955619
19992493
20047438
20102291
20139583
20211902
20243525
20311484
20368648
20398933
20459123
20545069
20562399
20626025
20673090
20726607
20790241
20856106
20922090
20939974
20997326
21081811
21128670
21159296
21199895
21264438
21352267
21361063
21413342
21479449
21545890
21572321
21659152
21684271
21757686
21847955
21868166
21922139
22006514
22037430
22095708
22131985
22215880
22236800
22319583
22341051
22468704
22481735
22573175
22580240
22678681
22734139
22752284
22803075
22848922
22903690
22950847
23020326
23065488
23130661
23200252
23266651
23297281
23359628
23417654
23479838
23495113
23542134
23612169
23656867
23725057
23781374
23848504
23865958
23940136
23969341
24072701
24105960
24176821
24248647
24264027
24345849
24374939
24468838
24504061
24697290
24720005
24826782
24876410
24936666
25014657
25065347
25178106
25236797
25295846
25390910
25454409
25520944
25568849
25625302
25693695
25748043
25830338
25848498
25897890
25974434
26041460
26084024
26143795
26154021
26251756
26288204
26357036
26370009
26414873
26475868
26555410
26592524
26649982
26716729
26778522
26838961
26858837
26944921
26998170
27031247
27088019
27177804
27194637
27262700
27341311
27408696
27469792
27524287
27540244
27616694
27691186
27712632
27798139
27839334
27880585
27940837
28033063
28044190
28117027
28200579
28268732
28302267
28360797
28434557
28462959
28514104
28567120
28621944
265
93628
157744
210979
229170
298429
351300
474055
527563
587383
661899
670821
722811
777003
834175
912691
931237
1013105
1079549
1141592
1174840
1202618
1281937
1331530
1386566
1417740
1460234
1559234
1611930
1636134
1673619
1736791
1777229
1859819
1917947
1943182
2036107
2046228
2113934
2170872
2231959
2271686
2302979
2363230
2406286
2486983
2554145
2572640
2610109
2662209
2718727
2801617
2863915
2886463
2935621
3011497
3074848
3089862
3171832
3183942
3281167
3289586
3359002
3436191
3446753
3533957
3570192
3617224
3701405
3754045
3794992
3857565
3881613
3926164
4012719
4076009
4095026
4162039
4213744
4273417
4326815
4340392
4395436
4447324
4541941
4579033
4637423
4659068
4717777
4796242
4829254
4916275
4954464
4996725
5075165
5117445
5175877
5214460
5242912
5325009
5388283
5423819
5482322
5550958
5580384
5673365
5691501
5773535
5827512
5878747
5902733
5942058
6020185
6048567
6098589
6143989
6214585
6262203
6342165
6349829
6417434
6490330
6509846
6555030
6644493
6662271
6753196
6854731
6862713
6926738
7001180
7035817
7082189
7142193
7208336
7241960
7316803
7356694
7418181
7433356
7515397
7558707
7610707
7661737
7711387
7782042
7800428
7902857
7946271
7972105
8037350
8066847
8162940
8189910
8296919
8303639
8394304
8417607
8483515
8544109
8590849
8619427
8700896
8737117
8797233
8881483
8891367
8971550
9016411
9061308
9096561
9188942
9241415
9276675
9365206
9387040
9468962
9483646
9573957
9621831
9633594
9718642
9774744
9827450
9849531
9893997
9983269
10035021
10041279
10125976
10172687
10219866
10304252
10309499
10406384
10424420
10480057
10552574
10589289
10678965
10698590
10788837
10839929
10880916
10952853
10962399
11024204
11083143
11145292
11200154
11251637
11304120
11374212
11422065
11451329
11552370
11584714
11656249
11671146
11761397
11788623
11863348
11880059
11982001
12033379
12069832
12100665
12157003
12230235
12308208
12355063
12381688
12440387
12465020
12548613
12570441
12624725
12699121
12762348
12854709
12906617
12943452
12977508
13049251
13112888
13177781
13227136
13253442
13332292
13340623
13423425
13480618
13522131
13605993
13630582
13688347
13735459
13820926
13840585
13891357
24346
84042
131319
224986
236144
310909
379180
426590
470457
562597
570832
670640
689455
774990
812795
840023
920592
959481
1039689
1076473
1109359
1194311
1227761
1281042
1309238
1360335
1422994
1469087
1545221
1583255
1644338
1682468
1751933
1811716
1873291
1924026
1944831
1997104
2040204
2139680
2181616
2221719
2339950
2365964
2410996
2472857
2537170
2568163
2660272
2691440
2720295
2770430
2842199
2905439
2955625
3006933
3077109
3079558
3140899
3208649
3272757
3291192
3356177
3439133
3468443
3541169
3599733
3612090
3665871
3732199
3774046
3847204
3874930
3933408
3975171
4057160
4091958
4141201
4211865
4265286
4306133
4394602
4441580
4454961
4519896
4598121
4652645
4691087
4714777
4799129
4899645
4963205
4968132
5030315
5075928
5166312
5173666
5261809
5276695
5362798
5379230
5480020
5484271
5571448
5592561
5652232
5706980
5747710
5828694
5885403
5941346
5961834
6056855
6097326
6134482
6231914
6255760
6298721
6338838
6398850
6479801
6496728
6586774
6602097
6652665
6714658
6756476
6862686
6865916
6934489
6968620
7038586
7122030
7130430
7209345
7243384
7296774
7359666
7429448
7478127
7524687
7571695
7666902
7736192
7750114
7842169
7871266
7912876
7950101
8038352
8050251
8101737
8165680
8228607
8268799
8318015
8376784
8477686
8516230
8545768
8623968
8642556
8720479
8743031
8809776
8847313
8933173
8978823
9032423
9079355
9110381
9159872
9229783
9297397
9334968
9409205
9453030
9537637
9571103
9617903
9657082
9733433
9784349
9803374
9868517
9951484
9975472
10015074
10064641
10148045
10202663
10252534
10304835
10349837
10396360
10459072
10506023
10581556
10624957
10720275
10780060
10829585
10867954
10939172
10965126
11036265
11086701
11135017
11207524
11234924
11287661
11331439
11405475
11425686
11507718
11577134
11614993
11653307
11736157
11786835
11805251
11890840
11927698
11986834
12048421
12061507
12159270
12163874
12248520
12273824
12345405
12396945
12434029
12526590
12536793
12592922
12658638
12708618
12763899
12821491
12862368
12923069
12966357
13054027
13103733
13127077
13202737
13280181
13334114
13375749
13407076
13457171
13540238
13592040
13635391
13719866
13732990
13799809
13870862
13900998
13972940
14095611
14153950
14258065
14321531
14394587
14477422
14483181
14548909
14587033
14645656
14696203
14767280
14832876
14871440
14921206
14999217
15057884
15091128
15155734
15222358
15293940
15325844
15408637
15456998
15491107
15522080
15587817
15621399
15699326
15739715
15777721
15858349
15905522
15951594
16014368
16049625
16118465
16165610
16228548
16253270
16332867
16392299
16399127
16496617
16523657
16567680
16651614
16696294
16725843
16809398
16873860
16901655
16995134
17046222
17081013
17158685
17200102
17237323
17287473
17351152
17400900
17482710
17541023
17622565
17641555
17713267
17778580
17824242
17871856
17909095
17986180
18012258
18070727
18106844
72672
138535
171664
225300
316162
335186
395629
451740
521377
550368
623207
666667
721951
746967
806897
892642
915524
1058144
1081997
1164055
1208934
1264298
1300437
1351538
1433977
1458755
1493995
1555869
1638790
1701526
1732168
1790652
1860707
1883011
1931446
2022204
2041985
2081733
2137987
2213042
2244958
2323761
2380045
2408102
2474205
2525439
2564885
2614443
2706092
2739908
2778793
2872294
2876677
2950509
2999361
3031668
3081501
3149862
3232250
3253906
3302150
3433409
3555001
3592241
3639978
3721970
3757506
3796514
3884425
3946977
3954116
4025774
4105733
4144198
4216809
4239577
4313555
4371743
4422855
4446086
4487803
4551076
4598816
4677200
4698006
4789570
4820858
4886366
4957940
5001468
5046469
5085385
5145453
5179734
5230651
5289986
5394660
5404977
5462342
5527160
5589994
5620418
5658475
5706336
5763218
5820494
5894757
5929606
5973320
6050676
6111362
6115976
6215679
6235393
6296051
6344554
6384046
6441874
6536825
6540731
6602417
6668194
6699464
6795778
6813608
6870760
6935995
7025869
7116008
7131268
7224558
7242323
7322240
7359132
7423211
7486575
7520622
7556717
7654820
7668070
7747943
7825843
7873749
7909267
7947327
8044415
8065166
8119453
8196659
8215229
8306378
8342301
8410775
8451076
8536593
8572314
8607967
8671227
8760709
8795413
8837632
8874560
8944600
9022209
9066575
9102001
9171617
9245896
9253817
9346070
9394634
9428283
9476131
9546222
9569079
9698030
9763220
9790103
9869980
9913542
9943679
10037372
10075335
10141005
10192751
10197304
10276825
10323082
10369768
10435890
10503439
10516505
10563757
10622735
10706813
10719860
10803051
10852598
10921376
10984015
11001370
11045156
11127402
11178162
11207324
11290057
11342552
11364889
11422458
11480477
11525554
11591413
11625937
11711442
11769638
11783679
11845693
11943003
11944401
12025573
12048632
12121231
12196406
12250873
12262612
12336552
12406465
12442128
12501330
12563133
12619267
12683197
12717460
12806132
12848125
12887797
12973670
13037121
13058892
13138365
13185445
13234995
13302660
13330607
13422284
13441676
13518395
13596606
13658501
13668770
13722799
13823460
13836191
13883030
13996008
14047080
14086185
14124439
14212698
14249295
14318943
14358402
14399570
14495949
14504242
14556644
14649683
14700469
14748504
14771663
14845141
14929094
14942624
15000125
15067232
15167946
15217794
15273089
15296587
15386974
15390786
15475119
15513558
15575955
15607726
15682254
15714904
15768557
15814328
15876481
15927356
15983137
16040725
16080028
16135552
16178679
16259478
16290425
16351257
16402833
16450872
16554791
16572869
16665328
16720184
16758597
16841282
16876312
16937108
16997763
17063408
17078915
17161024
17189171
17238752
17292960
17377768
17406601
17469600
17555796
17582809
17649786
17669782
17739151
17814683
17880932
17903548
17948327
18043306
18052907
18149400
18166386
18244736
18264030
18317475
18382601
18449912
18507291
18517779
18588072
18660073
18686487
18767071
18792337
18854400
18880994
18951958
19034774
19097225
19143590
19207508
19221513
19305471
19344977
19388477
19489002
19564864
19565453
19631844
19717154
19770525
19810591
